Method 1: 0
79
Method 2: 0
Sorting hyperplanes
Ordering: 13
Initialising Vertex Set
Initialisation: 167
Intersecting hyperplanes
Iteration:0
Filtering - Poset:5 Negset:5 Dest:59
Iteration 0 duration: 1193
Iteration:1
Filtering - Poset:8 Negset:8 Dest:63
Iteration 1 duration: 2121
Iteration:2
Filtering - Poset:13 Negset:12 Dest:83
Iteration 2 duration: 3514
Iteration:3
Filtering - Poset:27 Negset:26 Dest:107
Iteration 3 duration: 5715
Iteration:4
Filtering - Poset:34 Negset:38 Dest:147
Iteration 4 duration: 10991
Iteration:5
Filtering - Poset:79 Negset:39 Dest:250
Iteration 5 duration: 22461
Iteration:6
Filtering - Poset:127 Negset:201 Dest:409
Iteration 6 duration: 98902
Iteration:7
Filtering - Poset:296 Negset:267 Dest:594
Iteration 7 duration: 238342
Iteration:8
Filtering - Poset:678 Negset:682 Dest:1229
Iteration 8 duration: 861032
Iteration:9
Filtering - Poset:1841 Negset:1595 Dest:1701
Iteration 9 duration: 5678012
Iteration:10
Filtering - Poset:3317 Negset:4614 Dest:7011
Iteration 10 duration: 20552539
Iteration:11
Filtering - Poset:9351 Negset:9283 Dest:10093
Iteration 11 duration: 138868491
Iteration:12
Filtering - Poset:14250 Negset:14874 Dest:18494
Iteration 12 duration: 171229750
Iteration:13
Filtering - Poset:32656 Negset:32855 Dest:21383
Iteration 13 duration: 745076686
Iteration:14
Filtering - Poset:53872 Negset:57221 Dest:33558
Iteration 14 duration: 1293262643
Iteration:15
Filtering - Poset:60843 Negset:75184 Dest:45659
Iteration 15 duration: 1138121613
Iteration:16
Filtering - Poset:129033 Negset:119822 Dest:49671
Iteration 16 duration: 3499154789
Iteration:17
Filtering - Poset:154982 Negset:151805 Dest:58798
Iteration 17 duration: 2028076602
Iteration:18
Filtering - Poset:106111 Negset:106075 Dest:31275
Iteration 18 duration: 499748255
Iteration:19
Filtering - Poset:162980 Negset:164620 Dest:24781
Iteration 19 duration: 1218237873
Iteration:20
Filtering - Poset:85020 Negset:69172 Dest:16056
Iteration 20 duration: 114554674
Iteration:21
Filtering - Poset:38378 Negset:30988 Dest:4159
Iteration 21 duration: 13199866
Iteration:22
Filtering - Poset:5840 Negset:6457 Dest:690
Iteration 22 duration: 501901
Iteration:23
Filtering - Poset:0 Negset:0 Dest:698
Iteration 23 duration: 3435
Intersecting Hyperplanes: 10887512155
Results: 698
0 0 0 0 0 0 0 0 0 0 0 0 0 0 0 0 1 0 0 0 0 0 0 0 0 0 1 0 0 0 0 0 1 0 0 0 0 0 0 0 0 0 0 0 0 0 0 0 0 0 1 0 0 0 0 0 0 0 0 0 0 0 0 0 1 0 0 0 0 
0 0 0 0 0 0 0 0 0 0 0 0 0 0 0 0 0 0 0 0 0 0 0 0 0 0 0 0 0 0 0 0 0 0 0 0 0 0 0 0 0 0 0 1 0 0 0 0 1 0 0 1 0 0 0 0 0 0 0 0 0 0 0 1 0 0 0 1 0 
0 0 0 0 0 0 0 0 0 0 0 0 0 0 0 0 0 0 0 0 0 0 0 0 0 0 0 0 1 0 0 0 0 0 0 0 0 0 0 0 0 0 0 0 0 1 0 0 0 0 0 0 1 0 0 0 1 0 0 1 0 0 0 0 0 0 1 0 0 
0 0 0 0 0 0 0 0 0 0 0 0 0 0 0 1 0 0 0 0 0 0 0 0 0 0 0 0 0 0 0 0 0 1 0 0 0 0 1 0 0 0 0 0 0 0 0 0 1 0 0 0 0 0 0 0 0 0 0 0 1 0 0 0 0 0 0 0 0 
0 0 0 0 0 0 0 0 0 0 0 0 0 1 0 0 0 0 0 0 0 0 0 0 0 0 0 0 0 0 0 0 0 0 0 0 0 0 0 0 0 0 0 0 1 0 0 1 0 0 0 0 0 1 0 0 0 0 1 0 0 0 0 0 0 0 0 1 0 
0 0 0 0 0 0 0 0 0 0 1 0 0 0 0 0 0 0 1 0 0 0 0 0 0 0 0 0 0 0 0 0 0 0 0 1 0 0 1 0 0 1 0 0 0 0 0 0 0 0 0 0 0 0 0 0 0 0 0 0 0 1 0 0 0 0 0 0 0 
0 0 0 0 0 0 0 0 0 0 0 0 0 0 0 0 0 0 0 0 0 0 1 0 0 0 0 0 0 0 0 0 0 0 0 0 0 0 0 0 0 0 0 0 0 0 0 0 0 0 0 0 0 0 0 0 1 0 0 1 0 0 0 0 1 0 1 0 0 
0 0 0 0 0 0 0 0 0 0 0 0 0 0 0 0 0 0 0 0 0 0 0 0 0 0 0 0 0 0 0 1 0 0 1 0 0 0 0 0 0 0 0 0 0 0 1 0 0 0 0 0 0 0 0 0 0 0 0 0 0 0 1 0 0 1 0 0 1 
0 0 0 0 0 0 0 0 0 1 0 0 0 0 0 0 0 0 0 0 0 1 0 0 0 0 0 0 0 0 0 0 0 1 0 0 0 0 0 0 0 0 0 0 0 0 0 1 0 0 0 0 0 0 1 0 0 0 0 0 0 0 0 0 0 0 0 0 0 
0 0 0 0 0 0 0 0 0 0 0 0 0 0 0 0 0 1 0 0 1 0 0 0 0 1 0 0 0 0 0 0 0 0 0 0 1 0 0 0 0 0 1 0 0 0 0 0 0 0 0 0 1 0 0 0 0 0 0 0 0 0 0 0 0 0 0 0 0 
0 0 0 0 0 0 0 0 0 0 0 0 0 0 0 0 0 0 0 1 0 0 0 0 0 0 0 1 0 0 0 0 0 0 0 0 0 0 0 0 1 0 0 0 0 0 0 0 0 0 0 0 0 1 0 0 0 1 0 0 0 0 0 0 0 0 0 0 1 
0 0 0 0 0 0 0 0 0 0 0 0 0 0 1 0 0 0 0 0 0 0 0 0 0 0 0 0 0 0 0 0 0 0 0 0 0 0 0 0 1 0 0 0 0 0 1 0 0 1 0 0 0 0 0 1 0 0 0 0 0 0 1 0 0 1 0 0 0 
0 0 0 0 0 0 0 1 0 0 0 0 0 0 0 0 0 0 0 0 0 0 0 0 0 0 1 0 0 0 0 0 1 0 0 0 0 0 0 0 0 0 0 0 1 0 0 0 0 0 1 0 0 0 0 0 0 0 0 0 0 1 0 0 0 0 0 0 0 
0 0 0 0 0 0 0 0 1 0 0 0 0 0 0 0 0 0 0 0 0 0 0 0 0 1 0 0 1 0 1 0 0 0 0 0 0 0 0 1 0 0 0 0 0 0 0 0 0 0 0 0 0 0 0 0 0 0 0 0 1 0 0 0 0 0 0 0 0 
0 0 0 0 0 0 1 0 0 0 0 0 0 0 0 0 0 0 0 0 0 0 0 0 0 0 0 1 0 0 1 0 0 0 0 0 0 0 0 0 0 0 0 0 0 0 0 0 0 0 0 0 0 0 1 0 0 0 0 0 0 0 0 1 0 0 0 0 0 
0 0 0 0 0 0 0 0 0 0 0 0 0 0 0 2 0 0 0 1 0 0 0 2 2 0 0 0 0 2 0 1 0 0 0 0 0 0 0 0 0 1 0 1 0 1 0 0 1 0 0 0 0 0 0 1 0 0 1 0 1 0 0 0 0 0 0 0 0 
0 0 0 0 0 0 0 0 0 0 1 0 0 0 0 1 0 0 1 0 0 0 0 0 0 0 0 0 0 0 0 1 0 0 0 0 0 0 2 0 0 1 0 0 0 0 1 0 1 0 0 0 0 0 0 0 0 0 0 0 0 0 0 0 0 1 0 0 1 
0 0 0 0 0 0 1 0 0 0 0 0 0 0 0 0 1 0 0 0 0 0 0 0 0 0 1 1 0 0 0 0 0 0 1 0 0 0 0 0 0 0 0 0 0 0 1 0 0 0 1 0 0 0 1 0 0 0 0 0 0 0 1 0 0 0 0 0 1 
0 0 0 0 0 0 0 0 1 0 1 0 0 0 1 0 0 0 1 0 0 0 0 0 0 1 0 0 1 0 1 0 0 0 0 1 0 0 1 0 0 0 0 0 0 0 1 0 0 1 0 0 0 0 0 1 0 0 0 0 0 0 0 0 0 1 0 0 0 
0 0 0 0 0 0 0 0 1 0 0 0 0 0 0 0 1 0 2 0 0 0 0 0 1 0 0 0 0 1 0 1 0 0 0 2 0 0 0 0 0 2 0 1 0 1 0 0 0 0 0 1 0 0 0 1 0 1 0 0 0 1 0 0 0 0 0 0 0 
0 0 0 0 0 0 0 0 0 0 0 0 0 0 0 0 0 0 0 0 0 0 1 0 0 0 0 0 0 0 0 1 0 0 1 0 0 0 0 0 0 0 0 1 0 0 1 0 1 0 0 1 0 0 0 0 1 0 0 1 0 0 1 0 0 0 0 0 0 
0 0 0 0 0 0 1 0 0 0 0 2 0 0 0 0 0 0 0 0 0 0 0 0 1 0 0 0 0 1 0 0 0 0 1 0 0 2 0 0 0 0 1 0 0 0 1 0 0 2 0 1 0 0 0 2 0 1 0 0 0 0 1 0 0 1 0 0 0 
0 0 0 0 0 0 0 1 0 0 0 0 2 0 0 0 0 0 0 0 0 0 0 0 0 0 1 0 0 1 0 0 1 0 0 0 0 0 0 1 0 0 1 0 0 1 0 0 0 0 0 1 0 0 0 0 1 0 0 0 1 0 0 0 2 0 1 0 0 
0 0 0 0 0 0 0 0 0 0 0 0 0 1 0 0 0 0 0 1 0 0 1 0 0 0 0 1 0 0 0 0 0 0 0 0 0 0 0 0 1 0 0 0 1 0 0 1 0 0 0 0 0 2 0 0 1 0 0 0 0 0 0 0 1 0 0 0 0 
0 0 0 0 0 0 1 0 0 0 0 0 0 0 1 0 0 0 0 0 0 0 1 0 0 0 0 1 0 0 1 0 0 0 0 0 0 0 0 0 1 0 0 0 0 0 1 0 0 1 0 0 0 0 0 0 0 0 0 1 0 0 1 0 0 0 1 0 0 
0 0 0 0 1 0 0 0 0 0 0 0 1 0 0 0 0 1 0 0 1 0 0 0 0 0 0 0 0 0 0 0 0 0 0 0 0 0 0 1 0 0 1 0 0 0 0 0 0 1 0 0 0 0 0 0 0 0 0 0 0 0 0 0 0 0 0 0 0 
0 0 0 0 1 0 0 1 0 0 0 0 1 0 0 0 0 1 0 0 1 0 0 0 0 0 1 0 0 0 0 0 1 0 0 0 0 0 0 1 0 0 0 0 0 0 0 0 0 0 0 1 0 0 0 0 0 0 0 0 0 1 0 1 0 0 0 1 0 
0 0 0 0 1 0 0 0 1 1 0 0 0 0 0 0 0 0 0 0 0 0 0 1 1 0 0 0 0 1 0 1 0 0 0 1 1 0 0 0 0 1 0 1 0 1 0 0 0 0 0 0 0 0 0 1 0 0 0 0 0 0 0 0 0 0 0 0 0 
0 0 0 0 1 0 0 0 0 0 0 0 1 0 0 0 0 0 0 0 1 0 0 0 0 0 1 0 0 0 0 0 1 1 0 0 0 0 1 1 0 0 1 0 0 0 0 0 0 0 0 0 0 0 0 0 0 0 0 0 1 0 0 0 1 0 0 0 0 
0 0 0 0 1 0 0 0 0 0 1 0 1 0 0 0 0 1 0 0 0 0 0 0 0 0 0 1 0 0 0 0 0 0 0 1 0 0 1 0 0 0 1 0 0 0 0 0 0 1 0 0 0 1 0 0 0 1 0 0 0 1 0 0 0 0 0 0 1 
0 0 0 0 1 0 0 0 1 2 0 0 0 0 0 0 0 0 0 0 0 0 0 0 1 0 0 0 0 1 0 2 0 0 0 0 1 0 0 0 0 1 0 2 0 0 0 0 1 0 0 1 0 0 0 0 0 0 0 1 0 0 1 0 0 0 0 0 0 
0 0 0 0 0 0 0 0 0 1 0 0 0 0 1 0 0 0 0 0 0 1 0 0 0 0 0 0 1 0 0 0 0 1 0 0 0 0 0 0 1 0 0 0 0 0 0 0 0 1 0 0 1 0 0 0 0 0 0 1 0 0 1 0 0 1 1 0 0 
0 0 0 0 0 1 0 0 0 0 0 1 0 0 0 0 1 0 0 0 0 0 1 0 0 0 0 0 0 0 0 0 0 0 0 0 0 1 0 0 0 0 0 0 0 0 0 0 0 0 0 0 0 0 0 0 0 0 0 0 0 0 0 0 0 0 0 0 0 
0 0 0 0 0 1 0 0 0 0 0 1 0 0 0 0 2 0 0 0 0 0 0 0 0 0 1 0 1 0 0 0 1 0 0 0 0 1 0 0 0 0 0 0 0 1 0 0 0 0 1 0 1 0 0 0 0 0 0 0 0 0 0 0 0 0 0 0 0 
0 0 0 0 0 1 0 1 0 0 0 0 1 0 0 1 0 0 0 1 0 0 0 1 0 0 0 0 0 1 0 0 0 0 0 0 0 0 0 0 0 0 0 0 0 1 0 0 1 0 0 0 0 0 0 0 0 0 1 0 1 0 0 0 0 0 0 0 0 
0 0 0 0 0 1 0 1 0 0 0 1 0 0 0 0 0 0 0 0 0 0 2 0 0 0 0 0 0 0 0 0 0 0 0 0 0 1 0 0 0 0 0 0 1 0 0 0 0 0 0 0 0 0 0 0 1 0 0 1 0 1 0 0 0 0 1 0 0 
0 0 0 0 0 0 0 0 0 0 0 0 0 0 0 0 0 0 0 0 1 0 0 0 2 0 0 0 0 1 0 1 0 1 0 0 0 1 0 1 0 0 0 0 0 0 0 2 0 1 0 0 0 1 1 0 0 0 2 0 0 0 0 0 0 0 0 1 0 
0 0 0 0 0 1 0 0 0 0 0 1 0 0 0 0 0 0 0 0 1 0 1 0 0 1 0 0 0 0 0 0 0 1 0 0 0 0 0 0 0 0 1 0 0 0 0 0 1 0 0 0 1 0 0 0 0 0 0 0 1 0 0 0 0 0 0 0 0 
0 0 0 1 0 0 0 0 0 0 0 0 0 0 0 0 0 0 1 0 0 1 0 0 0 0 0 0 0 0 0 0 0 0 0 0 0 0 0 0 0 0 0 0 0 0 0 0 0 0 0 1 0 0 0 0 0 1 0 0 0 0 0 0 0 0 0 0 0 
0 0 0 0 0 0 0 0 0 0 0 0 0 1 0 0 0 1 0 0 1 0 0 0 0 1 0 0 0 0 0 0 0 0 0 0 1 0 0 0 0 0 0 0 0 0 0 1 1 0 0 0 0 0 0 0 0 0 1 0 0 0 0 1 0 0 0 2 0 
0 0 0 0 0 0 0 0 0 0 1 0 0 0 0 1 0 0 1 0 0 0 1 0 0 0 0 0 0 0 0 1 0 0 0 0 0 0 2 0 0 1 0 1 0 0 1 0 2 0 0 1 0 0 0 0 1 0 0 1 0 0 0 0 0 0 0 0 0 
0 0 0 1 0 0 0 0 0 0 0 0 0 1 0 0 0 0 1 0 0 1 0 0 0 0 0 0 1 0 0 1 0 0 1 0 0 0 0 0 0 0 0 0 1 0 0 0 0 0 0 0 0 0 0 0 1 0 0 0 0 0 1 0 0 1 0 0 0 
0 0 0 0 0 0 1 0 0 0 0 1 0 1 0 1 0 0 0 1 0 0 0 1 1 0 0 0 0 1 0 0 0 0 1 0 0 1 0 0 0 1 0 0 0 0 0 0 0 0 0 0 0 0 0 1 0 0 0 0 0 0 0 0 0 0 0 0 0 
0 0 0 1 0 0 0 0 0 0 1 0 0 0 1 1 0 0 0 0 0 0 0 1 2 0 0 0 0 1 0 1 0 0 0 0 0 0 0 0 0 0 0 1 0 0 0 0 0 0 0 0 0 0 0 0 0 0 1 0 0 0 0 0 0 0 0 0 0 
0 0 0 1 0 0 0 0 0 0 0 0 0 0 0 0 0 1 0 0 0 1 0 0 0 1 0 1 0 0 0 0 0 0 0 0 1 0 0 0 1 0 1 0 0 0 0 0 0 0 0 0 0 0 0 0 0 2 0 0 0 0 0 0 0 0 0 0 1 
0 0 0 0 0 0 0 1 0 0 0 0 0 0 1 1 0 0 0 0 0 0 0 0 0 0 1 0 0 0 0 0 1 1 0 0 0 0 1 0 1 0 0 0 1 0 1 0 0 0 0 0 0 0 0 1 0 0 0 0 0 0 0 0 0 1 0 0 0 
0 0 0 2 0 0 0 0 0 0 1 0 0 0 1 1 0 0 1 0 0 0 0 0 2 0 0 0 0 1 0 1 0 0 0 0 0 0 0 0 0 0 0 1 0 0 0 0 0 0 0 1 0 0 0 0 1 0 0 0 0 0 0 0 1 0 1 0 0 
0 0 0 1 0 0 0 0 0 0 1 0 0 0 1 1 0 0 0 1 0 0 0 1 2 0 0 0 0 0 0 1 0 0 0 0 0 0 0 0 1 0 0 2 0 1 0 0 1 0 0 0 0 0 0 0 1 0 0 0 0 0 0 1 0 0 0 0 0 
0 0 0 0 0 0 1 0 0 0 0 0 0 1 0 0 0 0 0 0 0 0 0 0 0 0 0 0 0 1 0 0 1 0 0 0 0 0 0 0 0 2 1 0 0 0 0 1 0 0 1 0 1 0 0 0 0 0 0 1 0 1 0 0 2 0 1 0 0 
0 0 0 0 0 1 0 1 0 0 0 0 1 0 0 1 0 0 0 2 0 0 0 1 0 0 0 0 0 0 0 0 0 0 0 0 0 0 0 0 1 0 0 1 0 2 0 0 2 0 0 0 0 0 0 0 1 0 0 0 1 0 0 1 0 0 0 0 0 
0 0 0 0 0 1 0 0 0 0 0 0 1 0 0 1 0 0 0 1 0 0 0 1 0 1 0 0 0 0 2 0 0 0 0 0 0 0 0 1 0 0 0 0 0 1 0 0 1 0 0 0 0 0 1 0 0 0 1 0 2 0 0 1 0 0 0 0 0 
0 0 0 0 1 0 2 0 0 1 0 0 0 0 0 1 0 0 0 3 0 0 0 1 0 0 1 0 0 0 1 0 0 0 4 0 0 1 0 0 0 0 0 3 0 0 3 0 1 0 0 3 0 0 0 0 0 0 0 3 0 0 3 1 0 0 0 0 0 
0 0 0 0 1 0 0 0 0 1 0 0 0 0 0 0 0 1 0 0 1 0 0 1 0 0 0 0 0 0 0 0 0 0 0 1 2 0 0 0 0 1 0 0 0 2 0 0 0 0 1 0 2 0 0 0 0 0 0 1 0 1 0 1 0 0 1 0 0 
0 0 0 0 0 0 4 0 0 0 0 2 0 1 0 2 0 0 0 4 0 0 0 2 3 0 0 0 0 0 3 0 0 0 3 0 0 4 0 0 0 0 0 1 0 1 0 0 0 2 0 0 0 0 0 0 0 0 0 2 0 0 1 2 0 0 2 0 0 
0 0 0 0 1 0 0 0 0 0 0 0 0 2 0 0 0 0 1 0 0 0 0 0 0 0 1 0 0 0 0 0 1 0 0 1 0 0 1 0 0 2 0 0 2 0 0 1 0 0 1 0 0 1 0 1 0 0 0 0 0 2 0 0 0 0 0 1 0 
0 0 0 0 0 0 0 0 0 0 0 1 0 1 0 1 0 0 0 2 0 0 0 1 0 0 0 0 0 0 0 0 0 0 2 0 0 1 0 0 0 0 0 0 1 0 1 0 0 0 1 0 0 1 0 1 0 1 0 0 0 0 0 0 0 1 0 0 2 
0 0 0 0 0 1 0 2 0 0 0 0 0 0 0 1 0 0 0 1 0 0 0 1 0 0 1 0 0 1 0 0 1 0 0 0 0 0 0 0 1 0 0 0 2 0 0 0 0 0 0 0 0 1 0 1 0 0 2 0 0 0 0 0 0 1 0 1 0 
0 1 0 0 0 0 0 0 0 0 0 0 0 0 1 0 0 1 0 0 1 0 0 0 0 0 0 1 0 0 0 0 0 0 0 0 1 0 0 0 0 0 0 0 0 0 0 0 0 0 1 0 1 0 1 0 0 0 0 0 0 1 0 1 0 0 0 0 0 
0 1 0 0 0 0 0 0 0 0 0 1 1 0 0 0 0 1 0 0 0 1 0 0 0 0 0 0 0 0 0 0 0 0 1 0 0 1 0 1 0 0 1 0 0 0 0 0 0 1 0 1 0 0 0 0 0 1 0 0 0 0 0 0 0 0 0 0 0 
0 1 0 0 0 0 0 0 0 0 0 0 0 0 0 0 0 0 0 1 0 0 0 0 0 0 1 0 0 0 0 0 1 0 1 0 0 0 0 0 0 0 0 0 0 0 0 0 0 0 1 0 0 0 0 0 1 0 0 1 0 0 0 0 2 0 1 0 0 
0 1 0 0 0 0 0 0 1 0 0 0 0 0 1 0 0 0 0 0 0 0 0 0 1 0 0 0 0 0 0 1 0 0 0 0 0 0 0 0 0 0 0 1 0 0 0 0 0 0 0 0 0 0 0 0 0 0 0 0 0 0 0 0 0 0 0 0 0 
0 1 0 0 0 0 0 0 2 0 0 0 0 0 1 0 1 0 0 0 0 0 0 0 0 0 0 0 1 0 0 0 0 0 0 0 0 0 0 1 0 0 0 1 0 0 0 0 0 0 1 0 0 0 0 0 0 0 0 0 1 0 0 0 1 0 0 0 0 
0 1 0 0 1 0 0 0 1 0 0 0 0 0 0 0 0 1 0 0 1 0 0 0 1 0 0 0 0 0 0 1 0 0 0 0 0 0 0 1 0 0 0 0 0 0 0 1 0 1 0 0 0 1 0 0 0 0 1 0 0 0 0 0 0 0 0 1 0 
0 1 0 0 0 1 0 0 0 0 0 0 0 0 0 0 0 1 0 0 0 1 0 0 0 1 0 0 0 0 0 0 0 0 0 0 0 0 0 0 0 1 1 0 0 0 0 1 0 0 0 0 1 0 1 0 0 0 0 0 0 1 0 0 0 0 0 0 0 
0 1 0 0 0 1 0 0 0 0 0 1 0 0 0 0 0 0 0 1 0 0 0 0 0 0 0 0 0 0 0 0 0 0 1 0 0 1 0 0 0 0 0 0 0 0 0 0 0 0 0 0 0 0 0 0 0 0 0 0 0 0 0 0 0 0 0 0 0 
0 2 0 0 0 0 0 0 2 0 0 0 0 0 1 0 0 0 0 1 0 0 0 0 0 0 0 0 1 0 0 0 0 0 1 0 0 0 0 1 0 0 0 1 0 0 0 0 0 0 1 0 0 0 0 0 1 0 0 1 1 0 0 0 2 0 1 0 0 
0 1 0 0 0 1 0 0 2 0 0 1 0 0 1 0 2 0 0 0 0 0 0 0 0 0 0 0 2 0 0 0 0 0 0 0 0 1 0 1 0 0 0 1 0 1 0 0 0 0 1 0 1 0 0 0 0 0 0 0 1 0 0 0 0 0 0 0 0 
0 2 0 0 0 1 0 0 0 0 0 0 0 0 1 0 0 1 0 0 0 1 0 0 0 0 0 1 0 0 0 0 0 0 0 0 0 0 0 0 0 1 0 0 0 0 0 1 0 0 1 0 1 0 2 0 0 0 0 0 0 2 0 1 0 0 0 0 0 
0 2 0 0 0 1 0 0 1 0 0 1 0 0 2 0 0 0 0 2 0 0 0 0 1 0 0 1 0 0 0 0 0 0 0 0 0 1 0 0 2 0 0 1 0 0 0 0 0 1 0 0 0 1 0 1 0 1 0 0 0 0 0 0 0 0 0 0 0 
0 1 0 0 0 0 0 0 0 0 0 0 0 1 0 0 0 0 0 2 0 0 0 0 0 0 1 1 0 0 0 0 1 0 1 0 0 0 0 0 1 0 0 0 1 0 0 1 0 0 1 0 0 2 0 0 1 0 0 0 0 0 0 0 2 0 0 0 0 
0 5 0 0 0 2 0 0 0 0 0 2 0 0 1 0 0 0 0 0 0 0 0 0 0 0 3 3 0 0 1 0 0 0 3 0 0 0 0 2 0 0 0 0 4 0 1 0 0 0 3 0 0 1 3 0 0 0 3 0 1 0 0 1 0 0 0 1 0 
0 4 0 0 0 1 0 0 3 0 0 0 0 0 4 1 0 0 0 3 0 0 0 1 1 0 0 0 0 0 0 0 0 0 1 0 0 0 0 0 1 0 0 3 0 0 1 0 0 0 1 0 0 0 0 1 0 0 0 1 1 0 0 0 2 0 1 0 0 
0 1 0 0 0 0 1 0 0 0 0 0 0 0 1 0 0 0 0 1 0 0 0 0 0 0 1 1 0 0 0 0 0 0 2 0 0 0 0 0 1 0 0 1 0 0 2 0 0 0 0 1 0 0 0 0 0 0 0 1 0 0 2 0 0 0 0 0 0 
0 3 0 0 0 1 0 0 0 0 0 0 0 0 1 0 0 1 0 4 0 1 0 0 0 0 1 3 0 0 0 0 1 0 1 0 0 0 0 0 4 0 0 0 0 0 0 1 0 1 0 0 0 3 0 0 1 1 0 0 0 0 1 0 2 0 0 0 0 
0 1 0 0 0 0 0 1 0 0 0 1 1 0 0 0 0 1 0 0 0 1 0 0 0 0 1 0 0 0 0 0 1 0 1 0 0 1 0 1 0 0 0 0 0 0 0 0 0 0 0 2 0 0 0 0 0 1 0 0 0 1 0 1 0 0 0 1 0 
0 1 0 0 0 0 0 1 0 0 0 2 1 0 0 0 0 2 0 0 0 2 0 0 0 0 0 0 0 1 0 0 2 0 0 0 0 2 0 0 0 0 2 0 0 0 0 1 0 2 0 2 0 0 0 2 0 3 0 0 0 2 0 0 0 0 0 1 0 
0 1 0 0 1 0 0 0 0 0 0 0 0 0 0 0 0 2 0 0 2 0 0 0 0 0 0 1 0 0 0 0 0 0 0 0 1 0 0 1 0 0 0 0 0 0 0 1 0 0 0 0 0 0 1 0 0 0 1 0 0 1 0 2 0 0 0 2 0 
0 3 0 0 1 0 3 0 0 0 0 1 0 0 0 0 0 1 0 0 0 1 0 0 0 0 3 3 0 0 0 0 0 0 4 0 0 0 1 0 0 0 0 0 0 0 3 0 0 0 0 2 0 0 1 0 0 0 0 1 0 0 3 1 0 0 0 1 0 
0 1 0 0 0 0 0 0 2 0 2 0 0 0 3 0 1 0 0 1 0 0 0 2 2 0 0 0 1 0 0 0 0 0 0 2 0 0 0 0 1 0 0 4 0 1 0 0 0 0 0 0 0 0 0 1 0 0 1 0 0 1 0 2 0 0 0 2 0 
0 1 0 0 1 0 0 0 2 0 0 0 0 0 0 0 0 0 0 0 1 0 0 0 0 0 0 0 1 0 0 0 0 1 0 0 0 0 1 2 0 0 0 0 0 0 0 1 0 0 0 0 0 1 0 0 0 0 1 0 2 0 0 0 1 0 0 1 0 
0 1 0 0 0 1 0 0 1 0 2 0 0 1 0 0 1 0 0 1 0 0 0 1 0 0 0 0 0 1 0 0 1 0 0 1 0 0 1 0 0 0 0 0 0 0 0 3 0 0 0 0 0 3 0 0 0 0 4 0 1 0 0 0 3 0 0 3 0 
0 2 0 0 0 1 0 0 2 0 6 0 0 0 0 0 1 0 0 0 0 0 0 3 2 0 0 0 0 2 0 0 0 0 0 3 0 0 3 2 0 0 0 0 0 0 0 5 0 2 0 0 0 6 1 0 0 0 10 0 2 0 0 0 4 0 0 6 0 
0 1 0 0 0 1 0 0 0 0 0 0 0 1 0 0 0 1 0 0 0 1 0 0 0 1 0 0 0 0 0 0 0 0 0 0 0 0 0 0 0 1 0 0 0 0 0 2 1 0 0 0 0 0 1 0 0 0 1 0 0 1 0 1 0 0 0 2 0 
0 1 0 0 2 0 1 0 0 0 0 2 0 2 0 0 0 2 0 0 2 0 0 0 0 0 1 1 0 0 0 0 2 0 0 0 0 0 0 0 0 1 0 0 0 0 0 1 1 0 0 1 0 0 0 2 0 1 0 0 0 2 0 3 0 0 0 4 0 
0 1 0 0 0 0 0 0 0 0 0 0 0 0 1 0 0 2 0 1 0 0 1 0 0 1 0 4 0 0 2 0 0 0 0 2 2 0 0 0 3 0 0 0 1 1 0 0 0 1 0 0 0 2 0 0 0 2 0 0 0 1 0 2 0 0 0 0 0 
0 1 0 0 0 0 0 0 2 0 1 0 0 0 2 0 1 0 1 0 0 0 0 0 0 0 0 0 1 0 0 0 0 0 0 1 0 0 1 0 0 0 0 2 0 0 1 0 0 0 0 1 0 0 0 1 0 0 0 0 0 0 0 0 0 0 0 1 0 
0 1 0 0 0 1 0 0 2 0 1 0 0 0 0 0 2 0 3 0 0 1 0 0 0 0 0 0 2 0 0 2 0 0 0 2 0 0 2 0 0 2 0 1 0 2 0 0 1 0 0 0 1 0 0 0 1 0 0 0 0 0 0 0 0 1 0 0 0 
0 1 0 0 1 0 0 0 2 2 0 0 0 3 0 0 0 2 0 1 0 2 0 0 0 2 0 0 1 0 0 0 0 0 0 0 1 0 0 0 0 1 0 0 1 0 0 4 0 0 0 0 0 2 0 0 0 0 0 0 0 1 0 0 1 0 0 2 0 
0 1 0 0 0 0 0 0 2 0 0 0 0 1 0 0 1 0 4 0 0 2 0 0 0 0 0 0 1 0 0 2 0 0 0 2 0 0 2 0 0 3 0 0 1 1 0 0 0 0 0 0 0 0 0 1 0 2 0 0 0 1 0 0 0 2 0 0 1 
0 1 0 0 0 1 0 0 3 1 0 0 0 0 0 0 0 1 0 1 0 0 1 0 0 4 0 0 0 0 3 0 0 0 0 1 2 0 0 1 0 0 1 0 0 0 0 1 0 0 0 0 0 1 0 0 0 0 0 0 3 0 0 0 3 0 1 0 0 
0 4 0 0 0 2 0 0 6 2 0 0 0 0 1 0 0 0 0 3 0 0 0 0 0 4 0 0 0 0 4 0 0 0 0 0 2 0 0 3 0 0 0 0 0 0 0 3 0 0 2 0 0 3 2 0 0 0 2 0 6 0 0 0 6 0 1 0 0 
0 2 0 0 0 1 0 0 2 0 0 0 0 0 0 1 0 0 0 2 0 0 0 1 0 1 0 0 0 0 2 0 0 0 1 0 0 0 0 2 0 0 0 0 1 0 0 1 0 0 1 0 0 2 1 0 0 0 2 0 3 0 0 0 2 0 0 0 0 
0 0 0 0 0 0 0 0 0 0 0 0 0 0 1 0 1 0 0 0 0 0 0 0 0 0 1 0 0 0 0 0 1 0 0 0 0 0 0 0 1 0 0 1 0 0 1 0 0 0 0 1 0 0 0 1 0 0 0 0 0 0 1 0 0 0 0 1 0 
0 0 1 0 0 0 0 0 0 0 1 0 0 0 0 0 0 0 0 0 0 0 0 1 0 1 0 0 0 0 2 0 0 0 0 0 0 0 0 1 0 0 0 0 0 0 0 0 0 0 0 0 0 0 1 0 0 0 1 0 1 0 0 1 0 0 0 0 0 
0 0 1 0 0 0 0 0 0 0 0 1 0 1 0 0 1 0 1 0 0 0 0 0 0 0 0 0 0 1 0 0 0 0 0 0 0 1 0 0 0 1 0 0 0 0 0 0 0 0 0 1 0 0 0 1 0 1 0 0 0 0 0 0 0 0 0 0 0 
0 0 1 0 0 0 0 1 0 0 1 0 0 0 0 0 0 0 0 0 0 0 0 1 0 0 0 0 0 1 0 0 0 0 0 0 0 0 0 0 0 0 0 0 0 0 0 0 0 0 0 0 0 0 0 0 0 0 1 0 0 0 0 0 0 0 0 0 0 
0 0 1 0 0 0 0 1 0 0 1 0 0 0 0 0 0 0 0 1 0 0 0 1 0 0 0 0 0 0 0 0 0 0 0 0 0 0 0 0 1 0 0 1 0 1 0 0 1 0 0 0 0 0 0 0 1 0 0 0 0 0 0 1 0 0 0 0 0 
0 0 0 0 0 0 2 0 0 0 0 1 0 1 0 1 0 0 0 1 0 0 0 1 1 0 0 0 0 0 1 0 0 0 1 0 0 1 0 0 0 1 0 0 0 1 0 0 0 0 0 0 1 0 0 0 0 0 0 1 0 0 0 1 0 0 1 0 0 
0 0 0 0 1 0 0 0 1 0 0 0 0 2 0 1 0 0 3 0 0 0 0 0 1 0 0 0 0 1 0 2 0 0 0 2 0 0 2 0 0 4 0 0 2 0 0 0 0 0 0 0 0 1 0 2 0 1 0 0 0 2 0 0 0 2 0 0 1 
0 0 0 1 0 0 0 0 0 0 1 0 0 1 0 1 0 0 2 0 0 1 0 0 0 0 0 0 1 0 0 1 0 0 0 0 0 0 2 0 0 1 0 0 1 0 0 0 1 0 0 0 0 0 0 0 1 0 0 0 0 0 0 0 0 1 0 0 0 
0 0 2 0 0 0 0 1 0 0 0 0 0 1 0 0 1 0 1 0 0 0 0 0 0 0 0 0 0 2 0 0 0 1 0 0 0 1 0 0 0 1 0 0 0 0 0 1 0 0 0 1 0 0 0 0 0 0 0 0 0 0 0 0 1 0 1 0 0 
0 0 0 0 1 0 1 0 0 0 0 0 0 2 0 3 0 0 3 0 0 0 0 0 0 0 1 0 0 1 0 1 0 0 0 0 0 0 4 0 0 4 0 0 2 0 2 0 2 0 0 1 0 0 0 2 0 0 0 1 0 0 0 0 0 2 0 0 0 
0 0 1 0 1 0 0 0 0 0 0 0 0 1 0 0 0 0 0 0 0 0 0 1 0 0 0 0 0 1 0 0 0 0 0 0 0 0 0 0 0 1 0 0 0 0 0 0 0 0 0 0 0 0 0 1 0 0 0 0 0 0 0 0 0 0 0 0 0 
0 0 1 0 2 0 0 0 0 0 0 0 0 0 0 0 0 1 0 0 1 0 0 1 0 0 0 0 0 1 0 0 0 0 0 0 0 0 0 0 0 0 1 0 0 0 1 0 0 2 0 0 0 0 0 2 0 0 0 0 0 0 1 0 0 1 0 0 0 
0 0 1 0 1 0 0 0 1 0 0 0 0 1 0 0 0 0 0 1 0 0 0 1 0 1 0 0 0 0 1 0 0 0 0 0 0 0 0 0 0 0 0 0 0 0 0 0 0 0 0 0 0 1 0 1 0 1 0 0 1 0 0 0 0 0 0 0 1 
0 0 1 0 1 0 0 0 0 1 0 0 0 1 0 0 0 0 0 0 0 0 0 0 0 0 0 0 0 1 0 0 0 1 0 0 0 0 0 0 0 1 0 0 0 0 0 1 0 0 0 0 0 0 0 0 0 0 0 1 0 0 0 0 1 0 1 0 0 
0 0 1 0 1 0 1 0 0 0 0 0 0 1 0 0 0 0 0 0 0 0 0 1 0 0 0 0 0 0 1 0 0 0 0 0 0 0 0 0 0 1 0 0 0 1 0 0 0 0 0 0 1 0 0 0 0 0 0 1 0 0 0 1 0 0 1 0 0 
0 0 0 0 0 0 1 0 0 0 0 0 0 0 1 0 1 0 0 0 0 0 1 0 0 0 1 1 0 0 0 0 0 0 1 0 0 0 0 0 1 0 0 1 0 0 2 0 0 0 0 1 0 0 0 0 0 0 0 1 0 0 2 0 0 0 0 0 0 
0 0 1 0 0 1 0 1 0 0 0 0 0 0 0 0 1 0 0 0 0 0 0 0 0 0 0 0 0 1 0 0 0 1 0 0 0 1 0 0 0 0 0 0 0 0 0 1 0 0 0 0 0 0 1 0 0 0 1 0 0 0 0 0 0 0 0 0 0 
0 0 0 0 2 0 0 0 2 0 1 0 2 0 0 0 0 0 0 0 1 0 0 2 0 0 0 0 2 0 2 0 0 0 0 1 0 0 1 4 0 0 0 0 0 2 0 0 0 1 0 0 0 1 0 0 0 0 2 0 3 0 0 1 0 0 0 1 0 
0 0 0 0 0 0 0 0 3 0 0 0 0 0 1 0 3 0 1 0 0 0 1 0 3 0 0 0 1 0 0 4 0 0 0 1 0 1 0 0 0 0 0 3 0 1 0 0 0 0 0 0 0 1 0 0 1 1 0 0 0 0 1 0 0 1 0 0 2 
0 0 0 0 0 1 0 1 0 0 0 1 0 1 0 0 0 0 0 1 0 0 2 0 0 0 0 1 0 0 0 0 0 0 0 0 0 1 0 0 1 0 0 0 2 0 0 1 0 0 0 0 0 2 0 0 1 0 0 0 0 1 0 0 0 0 0 0 0 
0 0 0 2 0 0 0 0 0 0 1 0 0 0 1 1 0 0 1 0 0 0 0 0 2 0 0 0 0 1 0 2 0 0 1 0 0 0 0 0 0 0 0 2 0 0 1 0 1 0 0 2 0 0 0 0 1 0 0 0 0 0 1 0 0 0 0 0 0 
0 0 1 1 0 0 0 1 0 0 1 0 0 0 0 0 0 0 1 0 0 0 0 0 0 0 0 0 0 1 0 0 0 0 0 0 0 0 0 0 0 0 0 0 0 0 0 0 0 0 0 1 0 0 0 0 1 0 0 0 0 0 0 0 1 0 1 0 0 
0 0 1 0 0 0 0 1 0 0 0 3 0 0 0 0 0 0 1 0 0 0 0 0 1 0 0 0 0 3 0 0 1 0 0 0 0 3 0 0 0 1 1 0 0 0 1 0 0 2 0 3 0 0 0 4 0 3 0 0 0 1 0 0 0 1 0 0 0 
0 0 1 0 0 0 0 0 0 0 2 0 0 1 0 0 1 0 1 0 0 0 0 1 0 0 0 0 0 1 0 0 0 0 0 1 0 0 1 0 0 1 0 0 0 0 0 1 0 0 0 0 0 1 0 0 0 0 2 0 0 0 0 0 1 0 0 1 0 
0 0 0 0 0 0 2 0 0 0 0 3 0 0 0 1 0 0 0 0 3 0 0 1 1 0 0 0 0 0 0 0 1 3 0 0 0 0 0 0 0 0 3 0 0 3 0 0 1 0 0 0 4 0 0 1 0 1 0 0 3 0 0 1 0 0 1 0 0 
0 0 1 0 0 0 0 0 1 0 0 1 0 1 0 0 0 0 0 0 0 0 0 0 0 2 0 0 0 0 1 0 0 1 0 0 0 0 0 0 0 0 1 0 0 0 0 0 1 0 0 0 0 0 0 1 0 2 0 0 2 0 0 0 0 0 0 0 1 
0 0 3 0 4 0 0 1 0 3 0 0 0 1 0 0 0 1 0 0 1 0 0 0 0 0 1 0 0 1 1 0 0 3 0 0 0 0 0 0 0 0 0 0 1 0 0 1 0 2 0 0 0 0 0 0 0 0 0 3 0 0 1 0 0 0 3 0 0 
0 0 2 0 1 0 0 0 0 0 1 0 0 1 0 0 0 0 0 1 0 0 0 2 0 1 0 0 0 0 2 0 0 0 0 0 0 0 0 0 0 0 0 1 0 1 0 0 1 0 0 0 0 0 0 0 0 0 0 0 1 0 0 2 0 0 0 0 0 
0 0 2 0 2 0 2 0 0 0 0 0 0 1 0 0 0 0 0 2 0 0 0 2 1 0 0 0 0 0 3 0 0 0 1 0 0 2 0 0 0 0 0 1 0 1 0 0 0 2 0 0 0 0 0 0 0 0 0 2 0 0 1 2 0 0 2 0 0 
0 0 1 0 0 1 0 1 0 0 0 0 0 0 0 0 0 0 0 0 1 0 0 0 0 1 0 0 0 1 0 0 0 2 0 0 0 0 0 0 0 0 1 0 0 0 0 1 1 0 0 0 1 0 1 0 0 0 1 0 1 0 0 0 0 0 0 0 0 
0 0 1 0 0 1 0 0 0 0 0 0 0 0 0 0 1 0 0 0 0 0 0 0 0 1 0 0 0 0 2 0 0 1 0 0 0 1 0 1 0 0 0 0 0 0 0 1 0 0 0 0 0 0 2 0 0 0 1 0 1 0 0 1 0 0 0 0 0 
0 0 0 2 0 0 0 0 0 0 4 0 0 0 4 3 0 0 0 2 0 0 0 4 4 0 0 0 0 2 0 0 0 0 0 1 0 0 1 0 2 0 0 3 0 0 1 0 0 1 0 0 0 1 0 2 0 0 3 0 0 0 0 0 0 0 0 1 0 
0 0 0 0 0 1 0 0 0 0 0 1 0 1 0 0 0 0 0 0 1 0 1 0 0 1 0 0 0 0 0 0 0 1 0 0 0 0 0 0 0 0 0 0 0 0 0 1 2 0 0 0 0 0 0 0 0 0 1 0 1 0 0 1 0 0 0 2 0 
0 0 0 0 0 2 0 0 1 0 0 0 0 2 0 0 0 0 0 5 0 0 0 0 0 3 0 0 4 0 1 0 0 0 3 0 0 2 0 0 1 0 0 3 0 0 0 1 3 0 0 0 0 0 0 0 3 0 0 3 0 0 1 1 0 0 0 1 0 
0 0 2 0 2 0 0 0 0 0 0 0 2 0 0 0 0 0 0 0 1 0 0 2 0 0 0 0 0 0 4 0 0 1 0 0 0 1 0 4 0 0 0 0 0 2 0 0 0 1 0 1 0 0 2 0 0 0 1 0 3 0 0 3 0 0 1 0 0 
0 0 1 0 2 0 1 0 0 0 0 1 0 4 0 0 0 2 0 0 2 0 0 0 0 1 0 0 0 0 0 0 1 1 0 0 0 0 0 0 0 2 0 0 0 0 0 3 2 0 0 0 0 0 0 1 0 0 0 0 0 2 0 3 0 0 0 4 0 
0 0 2 0 2 0 0 0 0 0 1 0 0 4 0 0 0 2 0 0 1 0 0 0 0 2 0 0 1 0 0 0 0 1 0 0 0 0 1 0 0 2 0 1 0 0 0 3 3 0 0 0 0 0 0 0 1 0 0 1 0 2 0 3 0 0 0 3 0 
0 0 1 0 2 0 0 0 1 1 0 0 0 4 0 0 0 2 0 0 0 0 0 0 0 2 0 0 0 0 1 0 0 0 0 1 1 0 0 0 0 2 0 0 2 0 0 3 0 0 0 0 0 2 0 1 0 0 0 0 0 2 0 1 0 0 0 2 0 
0 0 3 1 0 0 0 4 0 1 0 0 0 0 0 1 0 0 3 0 0 1 0 0 0 0 1 0 0 3 1 0 0 2 0 0 0 1 0 0 0 0 0 0 3 0 0 0 0 1 0 3 0 0 0 0 0 0 0 0 0 0 0 0 0 1 3 0 0 
0 0 6 0 1 0 0 6 0 0 0 0 0 0 1 0 0 1 0 0 1 0 0 0 4 0 0 0 0 6 0 0 0 6 0 0 0 6 0 1 0 0 0 1 0 0 0 5 0 3 0 3 0 0 2 0 0 0 0 0 0 4 0 2 0 0 3 0 0 
0 0 1 0 0 0 0 0 1 0 4 0 0 0 0 0 3 0 3 0 0 0 0 1 0 0 1 0 1 0 0 0 0 0 0 3 0 0 3 0 0 1 0 1 0 1 0 0 0 0 0 0 0 1 0 0 1 0 2 0 0 0 0 0 1 0 0 1 0 
0 0 0 2 0 0 0 0 2 0 5 0 0 0 5 0 2 0 0 0 0 0 0 4 4 0 0 0 2 0 0 0 0 0 0 4 1 0 0 0 1 0 0 6 0 3 0 0 0 0 2 0 2 0 0 0 0 0 2 0 0 3 0 4 0 0 0 2 0 
0 0 0 4 0 0 0 0 0 0 7 0 0 0 7 0 0 0 0 0 2 0 0 6 6 0 0 0 0 0 0 0 0 0 0 4 3 0 0 0 1 0 0 6 0 3 0 0 0 0 4 0 4 0 2 0 0 0 4 0 0 5 0 6 0 0 0 2 0 
0 0 0 4 0 0 0 0 0 0 3 0 0 0 3 4 0 0 0 1 0 0 0 4 4 0 0 0 0 4 0 0 0 0 1 0 1 0 0 1 0 0 0 2 0 0 1 0 0 0 2 1 0 0 0 1 0 0 3 0 2 0 0 0 3 0 1 0 0 
0 0 0 5 0 0 0 0 0 0 0 1 0 0 7 5 0 0 0 0 1 0 1 0 16 0 0 0 0 6 0 6 0 6 0 0 0 7 0 1 0 0 0 7 0 0 0 5 0 3 0 3 0 0 2 0 0 0 0 0 0 4 0 2 0 0 3 0 0 
0 0 0 6 0 0 0 0 0 0 0 0 0 0 8 6 0 0 0 0 1 0 0 0 18 0 0 0 0 7 0 7 0 7 0 0 0 7 0 1 0 0 0 8 0 0 0 6 0 3 0 3 0 0 3 0 0 0 1 0 0 4 0 2 0 0 3 0 0 
0 0 2 0 2 0 1 0 0 0 0 0 1 0 0 0 0 0 0 1 0 0 0 2 1 0 0 0 0 0 4 0 0 0 0 0 0 2 0 2 0 0 0 1 0 2 0 0 0 2 0 1 0 0 1 0 0 0 0 1 1 0 0 3 0 0 2 0 0 
0 0 0 2 0 0 3 0 0 0 2 0 0 4 0 0 0 0 0 8 0 0 0 0 2 0 0 3 0 0 0 0 1 0 3 0 0 2 0 0 6 0 0 0 0 0 0 5 0 2 0 0 0 8 0 0 5 0 0 0 0 0 3 0 6 0 0 0 0 
0 0 0 1 0 0 0 0 0 0 1 0 0 0 1 0 0 0 0 0 1 0 0 1 0 0 0 0 0 0 0 0 0 0 1 0 1 0 0 1 0 0 0 0 0 0 1 0 0 0 2 0 1 0 1 0 0 0 1 0 0 0 0 0 0 0 0 0 1 
0 0 0 0 1 0 0 0 3 0 0 1 1 0 0 0 2 0 0 0 1 0 0 1 0 0 0 0 4 0 1 0 0 0 0 0 0 1 0 4 0 0 0 1 0 3 0 0 0 0 1 0 1 0 0 0 1 0 0 0 3 0 0 1 0 0 0 0 0 
0 0 0 1 0 0 0 0 0 0 8 0 1 0 0 1 0 0 0 0 1 0 0 5 4 0 0 0 0 4 0 0 0 0 0 3 0 0 3 3 0 0 1 0 0 0 0 5 0 3 0 0 0 6 1 0 0 0 12 0 2 0 0 0 4 0 0 6 0 
0 0 0 2 0 0 0 0 0 0 9 0 0 0 0 2 0 0 0 0 1 0 0 6 6 0 0 0 0 5 0 1 0 0 0 3 0 0 3 3 0 0 0 0 0 0 0 6 0 3 0 0 0 7 1 0 0 0 14 0 2 0 0 0 4 0 0 7 0 
0 0 4 0 0 0 0 5 0 0 2 0 0 4 0 0 3 0 4 0 0 0 2 0 0 0 4 2 0 0 0 3 0 0 0 0 0 0 2 0 4 0 0 0 9 0 0 0 0 1 0 0 0 6 0 0 4 0 4 0 0 0 4 0 0 4 0 0 0 
0 0 1 0 2 0 1 0 0 1 0 0 0 0 0 0 0 1 0 0 1 0 0 0 0 0 0 0 0 0 1 0 0 1 0 0 0 0 0 0 0 0 1 0 0 0 0 0 0 2 0 0 1 0 0 0 0 0 0 2 0 0 1 0 0 0 2 0 0 
0 0 1 0 2 0 3 0 0 1 0 0 0 0 0 0 0 1 0 1 0 0 0 0 0 0 0 1 0 0 3 0 0 0 1 0 0 1 0 0 1 0 1 0 0 0 1 0 0 4 0 0 0 0 0 0 0 0 0 3 0 0 3 0 0 0 3 0 0 
0 0 1 0 2 0 0 1 0 0 0 0 0 0 0 0 0 0 0 0 1 0 0 1 0 0 2 0 0 1 0 0 2 1 0 0 0 0 1 0 0 0 0 0 0 0 1 0 0 0 0 1 0 0 0 2 0 0 0 0 0 0 0 0 0 0 0 1 0 
0 0 1 0 4 0 0 0 0 0 0 0 0 0 0 0 0 0 0 0 3 0 0 1 0 0 3 0 1 0 0 0 3 3 0 0 0 0 3 1 0 0 1 0 0 0 1 0 0 0 0 0 1 0 0 2 0 0 0 1 1 0 0 0 0 0 0 1 0 
0 0 0 0 6 0 0 0 2 1 0 0 0 0 2 2 0 0 0 0 4 0 0 1 0 0 4 0 4 0 0 0 4 5 0 0 0 0 6 2 0 0 0 0 0 0 3 0 0 0 0 0 2 0 0 4 0 0 0 3 2 0 0 0 0 2 0 1 0 
0 0 0 0 2 0 0 0 6 2 0 0 0 0 0 0 4 0 2 0 0 0 1 0 6 0 0 0 0 0 0 10 0 0 0 2 0 0 0 0 0 2 0 5 0 2 0 0 1 0 0 0 0 3 0 0 1 3 0 0 0 0 2 0 0 3 0 0 6 
0 0 0 0 3 0 0 0 7 4 0 0 0 0 0 0 4 0 2 0 0 0 0 0 7 0 0 0 0 1 0 12 0 0 0 2 1 0 0 0 0 3 0 6 0 2 0 0 1 0 0 0 0 3 0 0 0 3 0 0 0 0 3 0 0 4 0 0 7 
0 0 1 0 3 0 0 0 6 3 0 0 0 1 0 0 4 0 2 0 0 0 0 0 6 0 0 0 0 1 0 11 0 0 0 1 0 0 0 0 0 3 0 5 0 1 0 0 1 0 0 0 0 3 0 0 0 3 0 0 0 0 3 0 0 4 0 0 7 
0 0 0 0 6 0 0 0 6 9 0 0 0 0 0 2 0 0 0 4 0 0 0 7 2 0 0 0 0 8 0 0 0 0 0 5 8 0 0 0 0 6 0 5 0 5 0 0 0 0 3 1 0 0 0 7 0 0 0 3 3 0 0 0 7 0 4 0 0 
0 0 2 2 0 0 0 0 0 0 7 0 0 0 5 0 2 0 0 0 0 0 0 6 4 0 0 0 0 0 2 0 0 0 0 4 1 0 0 0 1 0 0 6 0 3 0 0 0 0 2 0 2 0 2 0 0 0 4 0 0 3 0 6 0 0 0 2 0 
0 0 0 0 0 2 0 1 0 0 0 0 1 0 0 0 0 0 0 0 0 0 0 0 0 1 0 0 0 1 0 1 0 0 0 0 0 0 0 0 0 1 1 0 0 0 0 0 1 0 0 0 1 0 1 0 0 0 1 0 0 0 0 0 0 1 0 0 1 
0 0 0 0 0 6 0 6 0 0 0 0 9 0 0 2 0 0 0 0 0 0 0 8 2 0 0 0 0 7 0 4 0 0 0 6 6 0 0 0 0 3 3 0 0 17 0 0 5 0 0 0 7 0 0 0 3 0 7 0 6 0 0 1 0 0 4 0 0 
0 0 0 2 0 0 0 0 6 0 2 0 0 0 3 0 6 0 3 0 0 0 0 0 4 0 0 0 4 0 0 4 0 0 0 3 0 1 0 1 0 0 0 6 0 3 0 0 0 0 2 0 0 0 0 0 2 2 0 0 0 0 0 0 0 0 0 0 2 
0 0 2 2 0 0 0 2 0 0 0 4 0 0 2 2 0 0 3 0 0 0 0 0 4 0 0 0 0 6 0 0 0 1 0 0 0 5 0 0 0 1 0 0 0 0 2 0 0 4 0 6 0 0 0 6 0 4 0 0 0 1 0 0 0 2 2 0 0 
0 0 0 0 0 12 0 8 0 0 0 0 6 0 0 6 0 0 0 17 0 0 0 6 0 4 0 0 0 5 2 0 0 0 6 0 0 6 0 0 3 0 0 1 0 0 0 0 5 0 0 0 0 4 3 0 0 0 5 0 2 0 0 0 0 3 0 0 7 
0 0 0 0 1 0 0 0 2 1 0 0 0 0 0 0 1 0 0 1 0 0 0 1 0 0 0 0 0 0 0 0 0 0 0 1 1 0 0 0 0 0 0 1 0 1 0 0 0 0 1 0 0 1 0 1 0 1 0 0 1 0 0 0 1 0 0 0 1 
0 0 1 0 1 0 0 2 0 0 2 0 1 0 0 0 0 1 0 0 0 0 0 1 0 0 1 0 0 0 0 0 1 0 0 1 0 0 1 0 0 0 0 0 0 1 0 0 0 0 0 0 0 0 0 0 1 0 0 0 0 2 0 1 0 0 0 0 0 
0 0 1 0 2 0 0 1 0 3 0 0 0 0 0 0 0 0 1 0 0 2 0 0 0 0 2 0 1 0 0 0 0 2 0 0 0 0 1 0 1 0 0 0 2 0 0 0 0 2 0 0 0 0 0 0 0 0 0 2 0 0 2 0 0 2 2 0 0 
0 0 0 0 2 0 1 0 0 1 0 0 0 0 0 1 0 0 0 1 0 0 0 1 0 0 2 0 0 1 0 0 1 0 2 0 0 0 1 0 0 1 0 2 0 0 3 0 1 0 0 3 0 0 0 2 0 0 0 2 0 0 2 0 0 0 0 1 0 
0 1 0 0 0 0 0 3 0 0 0 2 1 0 0 0 0 2 0 0 0 2 0 0 0 0 2 0 0 1 0 0 4 0 0 0 0 2 0 0 0 0 0 0 0 0 0 1 0 0 0 4 0 0 0 2 0 3 0 0 0 4 0 2 0 0 0 3 0 
0 0 0 0 2 0 0 0 5 2 0 0 0 0 0 0 3 0 0 4 0 0 0 0 5 0 0 3 0 0 0 6 0 0 0 0 0 2 0 0 0 0 0 4 0 0 0 2 0 0 3 0 0 6 3 0 0 6 0 0 0 2 0 0 0 1 0 0 10 
0 0 2 0 1 0 0 2 0 0 0 0 0 3 0 0 1 0 1 0 0 0 2 0 0 0 2 2 0 0 0 1 0 1 0 0 0 0 1 0 2 0 0 0 5 0 0 1 0 0 0 0 0 4 0 0 2 0 1 0 0 0 1 0 0 1 0 0 0 
0 0 0 2 0 0 0 2 0 0 1 0 0 0 1 0 0 4 0 0 0 0 2 0 0 2 0 6 0 0 2 0 0 0 0 4 5 0 0 0 5 0 0 0 2 3 0 0 0 0 0 0 0 2 0 0 2 4 0 0 0 3 0 4 0 0 0 0 0 
0 0 2 1 0 0 0 0 2 0 10 0 0 0 2 0 4 0 5 0 0 0 0 3 0 0 0 0 2 0 2 0 0 0 0 6 0 0 6 0 0 0 0 2 0 0 0 0 0 2 0 0 0 3 0 0 1 0 6 0 0 0 0 0 1 0 0 3 0 
0 0 0 1 0 0 0 0 1 0 5 0 0 0 1 0 1 0 2 0 0 0 0 1 1 0 0 0 1 0 0 0 0 0 0 3 0 0 3 0 0 0 0 1 0 0 0 1 0 1 0 0 0 2 0 0 1 0 3 0 0 1 0 0 1 0 0 2 0 
0 8 0 2 0 0 0 0 8 0 0 2 0 0 6 0 0 0 0 0 0 0 0 0 0 0 0 0 0 0 0 0 0 0 3 0 2 0 0 4 0 0 0 3 0 0 3 0 0 0 5 3 0 0 0 2 0 2 0 0 5 0 0 0 6 0 1 0 0 
0 5 0 0 0 0 0 0 4 0 0 2 0 0 3 0 0 1 0 0 1 0 1 0 0 0 0 1 0 0 0 1 0 0 2 0 1 0 0 2 0 0 0 1 0 0 2 0 0 0 2 1 0 0 0 1 0 1 0 0 2 0 0 0 2 0 0 0 0 
0 2 0 0 0 0 0 0 1 0 0 1 0 0 0 0 0 1 0 0 0 1 0 0 1 0 0 0 1 0 0 2 0 0 2 0 0 1 0 1 0 0 0 0 0 0 0 0 0 1 0 0 0 0 0 0 1 0 0 0 0 0 1 0 0 1 0 0 0 
0 6 0 0 0 0 0 0 6 2 0 0 0 0 6 2 0 0 0 4 0 0 0 2 2 0 0 0 0 2 0 0 0 0 1 0 2 0 0 0 0 0 0 5 0 0 1 0 0 0 3 1 0 0 0 2 0 0 0 2 3 0 0 0 6 0 3 0 0 
0 3 0 1 0 0 0 0 3 0 0 0 0 0 3 1 0 0 0 1 0 0 0 1 1 0 0 0 0 1 0 0 0 0 1 0 1 0 0 1 0 0 0 2 0 0 1 0 0 0 2 1 0 0 0 1 0 0 0 0 2 0 0 0 3 0 1 0 0 
0 6 0 0 0 6 0 0 0 0 0 6 3 0 0 2 0 0 0 0 0 0 0 2 2 0 0 0 0 1 0 4 0 0 0 0 0 0 0 0 0 3 3 0 0 11 0 0 5 0 0 0 7 0 0 0 3 0 1 0 6 0 0 1 0 0 4 0 0 
0 1 0 0 1 0 0 0 2 0 1 0 1 0 0 2 0 0 0 1 0 0 0 2 0 0 0 0 1 0 2 0 0 0 0 0 0 0 2 3 0 0 0 0 1 1 0 0 0 0 0 0 0 2 0 0 0 0 2 0 4 0 0 0 1 0 0 0 0 
0 2 0 0 2 0 0 0 0 0 0 2 0 0 0 0 0 2 0 0 2 0 0 0 0 0 2 1 0 0 0 0 2 0 1 0 0 0 0 1 0 0 0 0 0 0 1 0 0 0 0 2 0 0 0 2 0 1 0 0 0 1 0 2 0 0 0 3 0 
0 3 0 0 1 0 0 0 3 0 0 2 0 0 0 0 0 1 0 0 1 0 2 0 3 0 0 2 0 0 0 5 0 0 1 0 0 0 0 1 0 0 0 1 0 1 0 0 1 0 0 0 0 2 0 0 2 2 0 0 1 0 0 0 0 0 0 0 2 
0 7 0 0 3 0 0 0 6 0 0 4 0 0 0 0 0 4 0 0 4 0 5 0 4 0 0 4 0 0 0 8 0 0 3 0 1 0 0 4 0 0 0 0 0 0 0 0 0 0 0 0 0 4 0 0 4 2 0 0 2 0 0 0 2 0 0 0 2 
0 5 0 0 1 0 0 0 6 4 0 0 0 0 5 2 0 0 0 4 0 0 0 2 2 0 0 0 0 3 0 0 0 0 0 0 3 0 0 0 0 1 0 5 0 0 0 0 0 0 3 1 0 0 0 2 0 0 0 3 3 0 0 0 7 0 4 0 0 
0 2 0 0 0 0 0 0 2 0 2 0 1 0 0 4 0 0 0 3 0 0 0 4 0 0 0 0 0 0 4 0 0 0 2 0 0 0 2 5 0 0 0 0 3 0 0 0 0 0 2 0 0 4 2 0 0 0 5 0 6 0 0 0 2 0 0 0 1 
0 1 0 0 0 1 0 0 1 0 0 1 0 0 0 0 2 0 1 0 0 0 2 0 0 0 1 1 0 0 0 0 0 0 0 1 0 0 0 0 0 0 0 0 1 1 0 0 0 0 1 0 0 1 0 0 1 0 0 0 1 0 0 0 2 0 1 0 0 
0 2 0 0 0 0 0 0 2 0 2 0 0 0 4 1 0 0 0 2 0 0 0 2 2 0 0 0 0 0 0 0 0 0 0 1 0 0 1 0 2 0 0 3 0 0 1 0 0 1 0 0 0 1 0 2 0 0 1 0 0 0 0 0 0 0 0 1 0 
0 6 0 0 0 1 0 0 5 0 2 0 0 0 8 3 0 0 0 6 0 0 0 3 3 0 0 1 0 0 0 0 0 0 0 0 0 0 2 0 4 0 0 6 0 0 2 0 0 0 0 0 0 2 0 3 0 0 0 0 2 0 0 0 2 0 0 0 0 
0 2 0 0 0 0 0 0 2 0 7 0 0 0 0 0 0 0 0 0 1 0 0 4 4 0 0 0 0 3 0 1 0 0 0 3 0 0 3 3 0 0 0 0 0 0 0 6 0 3 0 0 0 7 1 0 0 0 12 0 2 0 0 0 4 0 0 7 0 
0 1 0 0 0 0 0 0 1 0 7 0 1 0 0 0 0 0 0 0 1 0 0 4 3 0 0 0 0 3 0 0 0 0 0 3 0 0 3 3 0 0 1 0 0 0 0 5 0 3 0 0 0 6 1 0 0 0 11 0 2 0 0 0 4 0 0 6 0 
0 2 0 0 0 1 0 0 2 0 0 0 0 2 0 0 0 1 0 2 0 1 0 0 0 2 0 0 1 0 0 0 0 0 1 0 0 0 0 0 0 0 0 0 0 0 0 3 1 0 0 0 0 2 0 0 1 0 1 0 1 0 0 0 2 0 0 2 0 
0 3 0 0 3 0 2 0 0 0 0 4 0 2 0 0 0 4 0 0 4 0 1 0 0 0 2 4 0 0 0 0 2 0 1 0 1 0 0 0 0 0 0 0 0 0 0 0 2 0 0 2 0 0 0 2 0 2 0 0 0 2 0 6 0 0 0 6 0 
0 1 0 0 1 0 0 0 3 0 0 0 0 0 0 0 1 0 1 0 0 0 1 0 3 0 0 1 0 0 0 5 0 0 0 1 0 0 1 0 0 1 0 2 0 1 0 0 1 0 0 0 0 2 0 0 1 2 0 0 0 0 0 0 0 1 0 0 3 
0 4 0 0 2 0 0 0 6 0 0 2 0 0 0 0 0 0 0 0 0 0 3 0 6 0 0 4 0 0 0 10 0 0 0 0 0 0 2 0 0 0 0 3 0 2 0 0 3 0 0 0 0 5 0 0 3 5 0 0 2 0 0 0 0 1 0 0 6 
0 1 0 0 0 1 0 0 0 0 0 1 0 0 2 0 0 0 0 0 1 0 2 0 0 0 0 1 0 0 0 0 0 1 0 0 0 0 0 0 1 0 0 0 0 0 1 0 0 0 0 0 1 0 0 0 0 0 0 1 0 0 0 0 0 0 1 0 0 
0 3 0 1 0 0 0 0 0 0 0 3 0 0 0 0 0 3 0 0 2 0 2 0 2 0 0 6 0 0 0 4 0 0 0 1 4 0 0 0 4 0 0 2 0 6 0 0 5 0 0 0 0 0 0 0 4 4 0 0 1 0 0 6 0 0 0 2 0 
0 1 0 0 0 0 0 0 0 0 0 0 1 0 0 1 0 0 0 0 1 0 0 2 0 0 1 1 0 0 3 0 0 0 1 0 1 0 0 4 0 0 0 0 3 1 0 0 0 0 2 0 0 1 3 0 0 0 4 0 3 0 0 2 0 0 0 1 0 
0 4 0 0 0 0 0 0 0 0 0 4 0 0 0 0 0 2 0 0 0 2 0 0 0 0 2 1 0 0 0 0 2 0 3 0 0 2 0 1 0 0 0 0 0 0 1 0 0 0 0 4 0 0 0 2 0 3 0 0 0 1 0 2 0 0 0 3 0 
0 2 0 0 0 2 0 1 0 4 0 0 2 0 0 0 3 0 6 0 0 6 0 0 0 0 4 0 0 0 0 3 0 0 0 0 0 0 2 0 0 2 0 0 3 0 0 0 0 1 0 2 0 0 4 0 0 0 2 0 0 0 4 0 0 4 0 0 0 
0 11 0 0 0 3 0 0 0 0 0 4 0 0 3 0 0 2 0 0 1 1 0 0 0 0 6 6 0 0 0 0 0 0 7 0 1 0 0 3 0 0 0 0 6 0 3 0 0 0 6 0 0 0 5 0 0 0 4 0 0 0 0 2 0 0 0 2 0 
0 12 0 0 0 7 0 0 4 0 0 0 0 0 3 0 0 1 6 0 0 7 0 0 0 0 0 1 0 0 0 7 0 0 0 0 0 0 6 0 0 7 0 0 0 0 0 3 3 0 0 0 3 0 6 0 0 0 4 0 0 1 0 0 0 3 0 2 0 
0 12 0 0 0 7 0 0 4 0 0 1 0 0 3 0 0 1 5 0 0 6 0 0 0 0 0 1 0 0 0 7 0 0 1 0 0 0 5 0 0 6 0 0 0 0 0 2 3 0 0 0 3 0 5 0 0 0 4 0 0 0 0 0 0 3 0 2 0 
0 4 0 0 1 0 0 0 8 0 5 0 0 0 11 0 3 0 0 5 0 0 0 6 8 0 0 0 4 0 0 0 0 0 0 6 0 2 0 0 3 0 0 16 0 3 0 0 0 0 0 2 0 0 0 4 0 0 0 0 0 5 0 8 0 0 0 6 0 
0 3 0 0 0 2 0 0 6 0 5 0 0 0 8 0 5 0 0 3 0 0 0 6 4 0 0 0 3 0 0 0 0 0 0 6 1 0 0 0 4 0 0 12 0 4 0 0 2 0 0 0 0 0 0 3 0 0 5 0 0 0 0 6 0 0 0 8 0 
0 3 0 0 1 0 0 0 4 0 5 0 0 0 6 0 0 0 0 2 0 0 0 4 4 0 0 0 1 0 0 0 0 0 0 4 0 0 2 0 2 0 0 6 0 0 0 0 0 2 0 0 0 2 0 3 0 0 3 0 0 2 0 2 0 0 0 4 0 
0 2 0 0 2 0 0 0 4 0 0 0 0 2 0 0 0 0 6 0 0 2 0 0 2 0 0 0 0 0 0 5 0 0 0 4 0 0 4 0 0 6 0 0 2 1 0 0 0 1 0 0 0 2 0 3 0 4 0 0 0 3 0 0 0 4 0 0 3 
0 8 0 0 0 5 0 0 3 0 0 4 0 0 0 3 0 0 4 0 0 1 0 0 3 0 0 0 0 1 0 8 0 0 0 0 0 0 4 0 0 6 0 0 0 6 0 0 6 0 0 0 4 0 0 0 2 0 1 0 4 0 0 0 0 2 2 0 0 
0 9 0 0 1 0 0 0 6 0 0 4 0 0 4 0 0 4 0 0 4 0 3 0 0 0 0 4 0 0 0 4 0 0 5 0 3 0 0 4 0 0 0 0 0 0 4 0 0 0 4 0 0 0 0 0 0 2 0 0 2 0 0 0 2 0 0 0 2 
0 1 0 0 0 1 0 0 0 0 0 1 0 2 0 3 0 0 3 0 0 0 0 0 0 0 0 0 0 2 0 2 0 0 0 0 0 0 3 0 0 4 0 0 2 0 1 0 3 0 0 1 0 0 0 2 0 0 1 0 1 0 0 0 0 2 0 1 0 
0 3 0 0 0 2 0 0 4 0 0 0 0 1 0 0 2 0 6 0 0 4 0 0 0 1 0 0 3 0 0 5 0 0 0 2 0 0 4 0 0 5 0 0 0 2 0 0 2 0 0 0 2 0 0 0 0 2 0 0 0 0 0 0 0 4 0 0 2 
0 2 0 1 0 0 0 0 0 0 0 2 0 0 1 0 0 2 0 0 0 3 0 0 0 0 0 1 0 0 0 0 2 1 0 0 0 1 0 0 2 0 2 0 0 0 0 1 0 2 0 1 0 0 0 2 0 4 0 0 0 1 0 0 0 0 0 1 0 
0 2 0 2 0 0 1 0 0 0 0 1 0 0 2 0 0 2 0 0 0 3 0 0 0 0 0 3 0 0 0 0 1 1 0 0 1 0 0 0 4 0 2 0 0 0 0 0 0 2 0 0 0 0 0 1 0 4 0 0 0 0 1 0 0 0 0 0 0 
0 2 0 3 0 0 1 0 0 0 0 0 0 0 2 0 0 2 1 0 0 3 0 0 1 0 0 3 0 0 0 1 0 0 0 0 2 0 0 0 4 0 1 0 0 1 0 0 0 2 0 0 0 0 0 0 1 3 0 0 0 0 2 0 0 0 1 0 0 
0 4 0 6 0 0 0 0 0 1 0 0 0 0 4 0 0 4 2 0 0 5 0 0 2 0 0 6 0 0 0 3 0 0 0 1 6 0 0 0 8 0 0 0 0 4 0 0 0 2 0 0 0 0 0 0 3 6 0 0 0 0 3 1 0 0 2 0 0 
0 2 0 0 0 0 0 0 1 1 0 0 0 0 2 0 0 2 0 2 0 1 0 0 0 1 0 3 0 0 1 0 0 0 0 1 2 0 0 0 4 0 0 0 0 0 0 0 0 2 0 0 0 2 0 1 0 2 0 0 0 0 1 0 0 0 0 0 0 
0 2 0 0 1 0 0 0 2 2 0 0 0 0 2 0 0 4 0 3 0 0 0 0 0 3 0 6 0 0 4 0 0 0 0 4 5 0 0 0 6 0 0 0 1 2 0 0 0 3 0 0 0 4 0 2 0 4 0 0 0 0 0 2 0 0 0 0 0 
0 2 0 2 0 0 0 1 0 0 0 2 0 0 0 0 0 4 0 0 0 6 0 0 0 1 0 0 0 0 0 0 4 2 0 0 0 2 0 0 2 0 4 0 0 0 0 4 0 3 0 2 0 0 0 2 0 6 0 0 0 3 0 0 1 0 0 2 0 
0 1 0 0 0 1 0 0 1 0 0 0 0 0 1 0 0 1 0 0 0 1 0 0 0 2 0 0 2 0 1 0 0 0 0 0 0 0 0 0 0 0 1 0 0 0 0 0 0 1 0 0 2 0 0 0 0 0 0 1 0 0 0 0 0 1 1 0 0 
0 8 0 0 0 2 0 0 10 2 0 0 0 0 5 0 4 0 0 3 0 0 0 0 0 0 0 0 0 0 0 0 0 0 0 0 2 0 0 3 0 0 0 4 0 0 0 3 0 0 6 0 0 3 2 0 0 0 2 0 6 0 0 0 10 0 1 0 0 
0 5 0 0 0 1 1 0 0 0 0 2 0 0 1 0 0 1 0 0 0 1 0 0 0 0 3 3 0 0 0 0 0 0 4 0 0 0 0 1 0 0 0 0 2 0 2 0 0 0 2 1 0 0 2 0 0 0 1 0 0 0 1 1 0 0 0 1 0 
0 6 0 0 0 1 0 0 2 2 0 0 0 0 4 0 0 3 0 6 0 3 0 0 0 0 0 6 0 0 0 0 0 0 0 0 2 0 0 0 8 0 0 1 0 0 0 2 0 3 0 0 0 5 0 0 0 3 0 0 0 0 2 0 2 0 0 0 0 
0 0 0 0 0 0 0 0 1 0 0 0 0 0 1 0 1 0 0 0 0 0 1 0 1 0 0 1 0 0 0 2 0 0 0 0 0 0 0 0 1 0 0 1 0 0 1 0 0 0 0 0 0 1 0 0 0 1 0 0 0 0 1 0 0 1 0 0 2 
0 0 2 0 2 0 0 0 6 0 0 2 0 0 0 0 6 0 0 0 1 0 0 2 0 0 0 0 6 0 2 0 0 1 0 0 0 3 0 6 0 0 0 3 0 4 0 0 0 0 3 0 1 0 0 0 0 2 0 0 5 0 0 2 0 0 0 0 2 
0 0 6 0 0 0 0 6 0 0 0 0 0 0 2 0 0 0 0 0 1 0 0 0 6 0 0 0 0 7 0 1 0 7 0 0 0 7 0 1 0 0 0 2 0 0 0 6 0 3 0 3 0 0 3 0 0 0 1 0 0 4 0 2 0 0 3 0 0 
0 0 5 0 0 0 0 5 0 0 0 1 0 0 2 0 0 0 0 0 1 0 1 0 6 0 0 0 0 6 0 1 0 6 0 0 0 7 0 1 0 0 0 2 0 0 0 5 0 3 0 3 0 0 2 0 0 0 0 0 0 4 0 2 0 0 3 0 0 
0 0 1 0 1 0 0 1 0 0 0 1 0 4 0 0 0 1 0 0 0 0 2 0 0 0 0 1 0 0 0 0 0 0 0 0 0 1 0 0 0 1 0 0 4 0 0 3 0 0 1 0 0 3 0 0 1 0 0 0 0 3 0 1 0 0 0 1 0 
0 0 1 1 0 0 0 0 0 0 2 0 0 0 1 0 0 0 2 0 0 0 0 0 0 1 0 0 0 0 2 0 0 0 0 1 0 0 1 0 0 0 0 0 0 0 1 0 0 1 0 1 0 0 0 0 0 0 0 0 0 0 0 0 0 0 1 0 0 
0 0 1 1 0 0 0 1 0 0 1 0 0 0 0 0 0 0 1 0 0 0 0 0 0 0 0 0 0 1 0 1 0 0 1 0 0 0 0 0 0 0 0 1 0 0 1 0 1 0 0 2 0 0 0 0 1 0 0 0 0 0 1 0 0 0 0 0 0 
0 0 1 1 0 0 0 1 0 0 2 0 0 0 0 1 0 0 2 0 0 0 0 0 0 0 0 0 0 1 0 1 0 0 0 0 0 0 2 0 0 1 0 1 0 0 1 0 2 0 0 2 0 0 0 0 1 0 0 0 0 0 0 0 0 0 0 0 0 
0 0 1 0 0 0 1 0 0 0 0 1 0 2 0 0 2 0 1 0 0 0 0 0 0 0 1 0 0 0 0 0 0 0 1 0 0 1 0 0 0 1 0 0 1 0 0 0 0 0 1 0 0 0 0 0 0 0 0 0 0 0 1 0 0 0 0 0 0 
0 0 1 0 2 0 0 1 0 0 0 3 0 6 0 0 0 2 0 0 2 0 6 0 2 0 0 3 0 0 0 2 0 1 0 0 0 2 0 0 0 0 0 0 6 0 0 5 0 0 0 0 0 6 0 0 3 0 0 0 0 4 0 2 0 0 0 2 0 
0 0 2 0 2 0 0 0 0 0 1 0 0 0 0 1 0 0 0 2 0 0 0 4 2 0 0 0 0 2 2 0 0 0 0 1 0 1 0 0 0 0 0 1 0 2 0 0 0 2 0 0 0 1 0 2 0 0 1 0 1 0 0 1 0 0 1 0 0 
0 0 0 1 0 0 0 0 2 0 2 0 0 0 2 0 2 0 1 0 0 0 0 1 2 0 0 0 2 0 0 1 0 0 0 2 0 0 0 0 0 0 0 3 0 2 0 0 0 0 1 0 1 0 0 0 1 0 0 0 0 1 0 1 0 0 0 0 0 
0 0 0 0 2 0 0 0 8 2 0 0 0 0 4 0 6 0 0 0 3 0 0 0 0 0 0 0 8 0 0 0 0 3 0 0 0 1 0 6 0 0 0 5 0 0 0 0 0 0 5 0 3 0 2 0 0 0 0 2 3 0 0 0 0 0 0 0 2 
0 0 1 0 0 1 0 1 0 0 0 0 0 0 1 0 2 0 0 1 0 0 0 0 0 0 1 0 0 0 0 0 1 1 0 0 0 1 0 0 2 0 0 1 0 0 0 0 0 0 0 0 0 0 0 0 0 0 0 0 0 0 1 0 0 0 0 0 0 
0 0 2 0 2 0 0 0 0 0 3 0 2 0 0 0 0 0 0 0 1 0 0 4 0 0 0 0 0 0 4 0 0 0 0 1 0 0 1 4 0 0 0 0 0 2 0 0 0 1 0 0 0 1 2 0 0 0 4 0 3 0 0 3 0 0 0 1 0 
0 0 1 0 2 0 0 0 0 1 0 0 2 0 0 0 0 0 0 0 2 0 0 2 0 0 1 1 0 0 3 0 0 1 0 0 1 0 0 4 0 0 0 0 1 2 0 0 0 0 1 0 0 0 3 0 0 0 2 0 3 0 0 3 0 0 0 0 0 
0 0 3 0 0 0 0 4 0 0 0 0 0 0 0 0 0 1 0 0 0 1 0 0 1 0 0 0 0 3 0 0 1 3 0 0 0 3 0 0 0 0 0 0 0 0 0 3 0 1 0 2 0 0 1 0 0 1 0 0 0 3 0 1 0 0 1 0 0 
0 0 0 0 0 6 0 7 0 0 4 0 4 0 0 0 0 4 0 2 0 0 0 0 0 3 0 0 0 6 0 0 4 0 0 4 0 2 0 0 0 4 4 0 0 0 0 6 0 1 0 0 0 0 2 0 0 0 4 0 0 9 0 0 3 0 0 2 0 
0 0 0 0 0 6 0 7 0 0 6 0 4 0 0 0 0 6 0 0 0 0 0 0 0 5 0 0 0 6 0 0 4 0 0 6 0 0 0 0 0 6 6 0 0 0 0 6 0 1 0 0 2 0 2 0 0 0 4 0 0 11 0 0 3 0 0 2 0 
0 0 1 0 2 0 0 0 1 1 0 0 0 4 0 0 0 4 0 0 2 0 0 0 0 4 0 0 0 0 1 0 0 0 0 1 3 0 0 0 0 2 0 0 0 0 0 3 2 0 0 0 0 0 0 1 0 0 0 0 0 2 0 3 0 0 0 4 0 
0 0 2 0 3 0 0 0 0 0 0 0 0 8 0 0 0 3 1 0 0 0 2 0 0 2 0 2 0 0 2 0 0 0 0 2 0 0 0 0 0 4 0 0 6 0 0 6 0 0 1 0 0 5 0 0 0 0 0 0 0 6 0 3 0 0 0 3 0 
0 0 4 0 1 0 0 0 0 0 3 0 0 0 2 0 3 0 0 3 0 0 0 4 2 0 0 0 0 0 4 0 0 0 1 0 0 4 0 2 0 0 0 6 0 0 0 0 0 0 2 2 0 0 4 0 0 0 0 0 0 2 0 6 0 0 0 0 2 
0 0 1 3 0 0 0 3 0 1 0 0 0 1 0 0 0 0 3 0 0 1 0 0 0 0 2 1 0 0 0 0 0 0 0 1 3 0 0 0 2 0 0 0 5 4 0 0 0 0 2 0 0 0 0 0 3 1 0 0 0 0 0 0 0 0 3 0 0 
0 0 1 0 0 0 1 0 0 0 1 0 0 2 0 0 1 0 0 5 0 0 0 1 1 0 0 1 0 0 0 0 0 0 2 0 0 2 0 0 3 0 0 1 0 0 0 2 0 1 0 0 0 4 0 0 2 0 0 0 0 0 2 0 2 0 0 0 1 
0 0 4 0 1 0 0 0 0 0 3 0 0 4 0 0 3 0 0 9 0 0 0 4 2 0 0 0 0 0 0 2 0 0 5 0 0 4 0 0 4 0 0 4 0 0 0 2 0 0 0 0 0 6 0 0 4 0 0 0 0 0 4 0 2 0 0 0 4 
0 0 0 0 0 1 1 0 0 0 0 0 0 1 0 1 0 0 0 5 0 0 0 1 0 1 0 0 2 0 1 0 0 0 4 0 0 2 0 0 1 0 0 3 0 0 1 0 2 0 0 1 0 0 0 0 2 0 0 3 0 0 2 1 0 0 0 0 0 
0 0 4 0 3 0 0 0 4 0 1 0 0 4 0 0 5 0 0 7 0 0 0 4 2 0 0 0 0 0 0 2 0 0 3 0 0 4 0 0 0 0 0 4 0 0 0 2 0 0 4 0 0 6 0 0 0 4 0 0 0 0 0 0 2 0 0 0 8 
0 0 1 0 1 0 0 0 3 0 0 0 0 0 1 0 3 0 0 0 1 0 0 1 0 0 0 0 3 0 1 0 0 1 0 0 0 1 0 3 0 0 0 2 0 1 0 0 0 0 2 0 1 0 1 0 0 0 0 0 2 0 0 1 0 0 0 0 1 
0 0 0 0 0 0 0 1 0 1 0 0 0 0 1 1 0 0 0 0 0 1 0 0 0 0 1 0 1 0 0 0 1 2 0 0 0 0 1 0 1 0 0 0 1 0 0 0 0 0 0 0 1 0 0 0 0 0 0 1 0 0 0 0 0 1 1 0 0 
0 0 0 4 0 0 0 6 0 0 7 0 0 0 7 0 0 6 0 0 8 0 0 6 0 0 0 0 0 0 0 0 6 0 0 4 9 0 0 0 1 0 0 0 0 3 0 0 0 0 10 0 10 0 2 0 0 0 4 0 0 11 0 6 0 0 0 2 0 
1 0 0 0 0 0 0 0 0 1 0 0 1 0 0 0 0 0 0 0 0 0 0 0 0 0 0 0 0 0 0 0 0 0 0 1 1 0 0 0 0 0 0 0 0 1 0 0 0 0 0 0 0 0 0 0 0 0 0 0 0 0 0 0 0 0 0 0 0 
1 0 0 0 0 0 0 0 0 2 0 0 1 0 0 0 0 0 0 0 0 1 0 0 0 0 0 0 0 0 0 1 0 0 0 0 1 0 0 0 0 0 0 0 0 0 0 0 0 0 0 0 0 0 1 0 0 0 0 0 0 0 1 0 0 1 0 0 1 
1 0 0 0 0 0 1 0 0 0 0 1 1 0 0 0 0 0 0 0 1 0 1 0 1 0 0 0 0 0 0 0 0 0 0 0 0 1 0 1 0 0 1 0 0 0 0 0 0 1 0 0 0 0 0 0 0 0 0 0 0 0 0 0 0 0 0 0 0 
2 0 0 0 0 0 1 0 0 0 0 0 2 0 0 0 0 0 0 0 0 0 1 0 1 0 0 1 0 0 0 0 0 0 0 2 0 0 0 0 0 0 1 0 0 1 0 0 0 1 0 0 0 1 0 0 0 1 0 0 0 1 0 0 0 0 0 0 1 
1 0 0 0 0 0 0 0 0 1 0 0 0 0 0 0 0 0 0 0 0 0 0 0 0 0 0 0 0 0 0 0 0 0 0 1 1 0 0 0 1 0 0 0 1 0 0 0 0 1 0 0 0 1 0 1 0 0 1 0 0 0 1 0 0 1 0 1 0 
1 0 0 0 0 0 3 0 0 0 0 3 1 0 0 0 0 0 0 0 1 0 0 0 3 0 0 0 0 1 0 0 0 0 0 0 0 3 0 0 0 0 3 0 0 1 0 0 0 4 0 0 1 0 0 2 0 1 0 0 0 0 1 0 0 1 1 0 0 
1 0 0 0 0 1 0 0 0 0 0 0 1 0 0 0 1 0 1 0 0 0 1 0 0 0 0 0 0 0 0 0 0 0 0 2 0 0 0 0 0 1 0 0 0 1 0 0 0 0 0 0 0 0 0 0 0 0 0 0 0 1 0 0 0 0 0 0 0 
0 0 0 0 0 4 0 0 0 0 0 0 4 0 0 0 2 0 2 0 0 0 0 4 0 2 0 0 0 4 2 0 0 0 0 6 4 0 0 0 0 4 4 0 0 9 0 0 0 0 0 0 5 0 0 1 0 0 3 0 4 0 0 0 3 0 4 0 0 
1 0 0 1 0 0 0 0 0 0 0 0 0 0 0 1 0 0 0 0 0 0 0 0 0 0 0 0 1 0 0 0 0 0 1 0 0 0 0 1 0 0 0 0 1 0 1 0 0 0 1 0 0 0 0 0 0 0 0 0 0 0 0 0 0 1 0 0 1 
2 0 0 1 0 0 0 0 0 2 0 0 1 0 0 1 0 0 0 0 0 1 0 0 0 0 0 0 1 0 0 0 0 0 0 0 1 0 0 1 0 0 0 0 1 0 0 0 0 0 1 0 0 0 1 0 0 0 0 0 0 0 0 0 0 1 0 0 1 
1 0 0 2 0 0 0 0 0 0 0 0 0 1 0 1 0 0 1 0 0 1 0 0 0 0 0 0 2 0 0 0 0 0 1 0 0 0 0 1 0 0 0 0 2 0 0 0 0 0 1 0 0 0 0 0 1 0 0 0 0 0 0 0 0 1 0 0 0 
1 0 0 1 0 0 1 0 0 0 0 0 0 0 0 1 0 0 0 0 0 0 0 0 1 0 0 0 0 0 0 0 0 0 0 0 0 0 0 0 0 0 0 0 0 0 0 0 0 0 0 0 0 0 0 0 0 0 0 0 0 0 0 0 0 0 0 0 0 
0 0 0 0 0 0 2 0 0 0 0 2 0 0 0 2 0 0 0 1 0 0 0 2 3 0 0 0 0 2 1 0 0 0 0 0 0 2 0 0 0 1 1 0 0 2 0 0 0 2 0 0 1 0 0 2 0 0 0 0 1 0 0 0 0 0 2 0 0 
0 0 0 0 0 0 4 0 0 0 0 2 0 0 0 2 0 0 0 1 0 0 0 2 3 0 0 0 0 0 3 0 0 0 0 0 0 2 0 0 0 1 1 0 0 4 0 0 0 2 0 0 3 0 0 0 0 0 0 2 1 0 0 2 0 0 4 0 0 
4 0 0 0 0 0 0 0 0 2 0 0 3 0 0 2 0 0 0 1 0 0 1 0 2 0 0 0 1 0 0 1 0 0 0 2 0 0 0 1 0 0 0 0 1 1 0 0 0 1 0 0 0 2 0 0 0 0 0 0 0 1 0 0 0 2 0 0 2 
1 0 0 1 0 0 1 0 0 0 0 0 0 0 0 0 0 0 0 0 1 0 0 0 0 0 0 0 0 0 0 0 1 0 0 0 1 0 0 0 0 0 1 0 0 0 0 0 0 0 1 0 1 0 0 0 0 0 0 0 0 0 0 0 1 0 0 0 0 
0 0 0 3 0 0 1 0 0 0 0 0 0 0 3 0 0 0 0 0 0 3 0 0 6 0 0 0 0 0 1 0 0 3 0 0 0 5 0 2 0 0 0 6 0 0 0 5 0 0 0 5 0 0 5 0 0 2 0 0 0 5 0 7 0 0 0 3 0 
1 0 0 1 0 0 0 0 0 2 0 0 0 0 0 0 0 0 1 0 0 2 0 0 0 0 0 0 1 0 0 1 0 0 0 0 1 0 0 0 1 0 0 0 1 0 0 0 0 1 0 0 0 0 0 0 0 0 0 0 0 0 2 0 0 2 0 0 0 
1 0 0 1 0 0 2 0 0 0 0 0 0 0 0 0 0 0 0 0 1 0 0 0 0 0 0 1 0 0 0 0 0 0 1 0 1 0 0 0 0 0 1 0 0 0 1 0 0 0 1 0 1 0 1 0 0 0 0 0 0 0 1 0 0 0 0 0 1 
1 0 0 0 0 1 0 1 0 0 0 0 1 0 0 0 0 0 1 0 0 0 2 0 0 0 0 0 0 0 0 0 0 0 0 2 0 0 0 0 0 1 0 0 1 1 0 0 0 0 0 0 0 0 0 0 1 0 0 1 0 2 0 0 0 0 1 0 0 
3 0 0 0 0 1 0 0 0 1 0 0 4 0 0 0 2 0 1 0 0 1 0 0 0 0 1 0 3 0 0 0 1 0 0 3 0 0 0 1 0 0 1 0 0 4 0 0 0 1 0 0 1 0 0 0 1 0 0 0 0 0 0 0 0 1 0 0 0 
3 0 0 0 0 0 0 0 1 3 0 0 1 0 0 0 0 1 0 0 1 0 3 0 0 2 0 1 0 0 1 0 0 0 0 3 4 0 0 0 0 0 0 0 1 0 0 0 0 0 1 0 0 1 0 0 0 0 0 1 0 1 0 0 1 0 0 0 0 
1 0 0 0 0 1 0 0 0 0 0 0 1 0 0 0 2 0 1 0 0 0 0 0 0 0 1 0 1 0 0 0 1 0 0 2 0 0 0 0 0 1 0 0 0 2 0 0 0 0 1 0 1 0 0 0 0 0 0 0 0 1 0 0 0 0 0 0 0 
0 0 0 0 0 6 0 2 0 0 0 0 6 0 0 0 0 0 0 0 0 0 0 6 0 4 0 0 0 6 2 0 0 0 0 6 6 0 0 0 0 4 6 0 0 11 0 0 2 0 0 0 7 0 0 1 0 0 5 0 6 0 0 0 3 0 4 0 0 
0 0 0 1 0 0 0 0 0 0 1 0 1 0 0 2 0 0 0 0 1 0 0 3 0 0 0 0 0 0 4 0 0 0 1 0 1 0 0 5 0 0 0 0 3 1 0 0 0 0 2 0 0 1 3 0 0 0 5 0 4 0 0 2 0 0 0 1 0 
1 0 0 0 1 0 0 0 1 1 0 0 2 0 0 0 0 0 0 0 0 0 0 0 0 0 0 0 2 0 1 0 0 0 0 1 0 0 0 2 0 0 0 0 0 2 0 0 0 1 0 0 0 0 0 0 1 0 0 1 1 0 0 0 0 0 1 0 0 
1 0 0 0 0 0 1 0 0 2 0 0 1 0 0 0 1 0 0 0 0 1 0 0 0 0 1 1 0 0 0 0 0 0 0 0 1 0 0 0 0 0 0 0 0 0 0 0 0 0 1 0 0 0 2 0 0 0 0 0 0 0 1 0 0 0 0 0 1 
1 0 0 0 0 0 1 0 0 1 0 0 0 0 0 0 0 0 0 1 0 0 1 0 0 0 0 2 0 0 1 0 0 0 0 1 1 0 0 0 2 0 0 0 1 0 0 0 0 1 0 0 0 2 0 0 0 0 0 0 0 0 1 0 0 0 0 0 0 
2 0 0 1 0 0 1 0 0 1 0 0 0 0 0 0 0 0 0 0 1 0 0 0 0 0 0 0 0 0 0 0 1 0 0 1 2 0 0 0 1 0 0 0 0 0 0 0 0 0 0 0 0 0 0 1 0 0 1 0 0 0 1 0 0 0 0 2 0 
0 0 0 0 0 1 0 0 6 3 0 0 0 2 0 0 0 3 0 2 0 0 1 0 0 10 0 0 0 0 6 0 0 0 0 3 6 0 0 0 0 0 2 0 0 0 0 2 1 0 0 0 0 2 0 2 0 2 0 0 5 0 0 0 4 0 0 0 0 
3 0 0 0 1 0 1 0 0 4 0 0 4 0 0 0 0 0 0 0 0 3 0 0 0 0 1 0 2 0 0 0 0 0 0 0 0 0 0 2 0 0 1 0 0 0 0 0 0 2 0 1 0 0 2 0 0 0 0 1 0 0 2 0 0 2 0 0 1 
0 0 0 0 1 0 1 0 0 0 1 0 1 0 0 0 0 0 0 0 0 0 0 0 0 0 1 2 0 0 0 0 0 0 0 0 0 0 2 0 0 0 1 0 0 0 1 0 0 0 0 0 0 1 1 0 0 1 0 0 0 0 0 0 0 0 0 0 2 
1 0 0 0 0 0 0 0 1 1 0 0 1 0 0 0 0 1 0 0 1 0 1 0 0 2 0 0 0 0 1 0 0 0 0 1 2 0 0 1 0 0 1 0 0 0 0 0 0 0 0 0 0 0 0 0 0 0 0 0 1 0 0 0 1 0 0 0 0 
0 0 0 0 3 0 3 0 0 0 0 4 0 6 0 0 0 3 0 0 4 0 1 0 0 0 0 1 0 0 0 0 3 1 0 0 0 1 0 0 0 3 0 0 0 0 0 4 3 0 0 1 0 0 0 3 0 1 0 0 0 4 0 6 0 0 0 8 0 
1 0 0 2 0 0 1 0 0 0 0 0 0 0 0 0 0 0 0 0 0 1 0 0 0 0 0 1 0 0 0 0 1 0 0 0 1 0 0 0 1 0 1 0 0 0 0 0 0 0 1 0 0 0 0 0 0 2 0 0 0 0 0 0 1 0 0 0 1 
1 0 0 1 0 0 0 1 0 0 0 0 0 0 0 0 0 1 0 0 0 0 2 0 0 0 0 3 0 0 0 0 0 0 0 2 2 0 0 0 2 0 0 0 2 1 0 0 0 0 1 0 0 2 0 0 1 2 0 0 0 2 0 1 0 0 0 0 1 
1 0 0 1 0 0 0 0 0 0 1 0 0 0 1 2 0 0 1 0 0 0 0 0 0 0 0 0 1 0 0 0 0 0 0 0 0 0 2 0 0 0 0 0 1 0 2 0 0 0 0 0 0 0 0 1 0 0 0 0 0 0 0 0 0 2 0 0 1 
2 0 0 0 0 0 0 0 0 0 0 0 0 4 0 3 0 0 6 0 0 0 2 0 2 0 0 0 0 2 0 2 0 0 0 5 0 0 3 0 0 8 0 0 6 0 0 1 0 0 1 0 0 2 0 3 0 0 0 0 0 6 0 0 0 3 0 0 0 
0 0 0 0 0 8 0 8 0 0 0 0 5 0 0 4 0 0 0 9 0 0 0 4 2 0 0 0 0 6 0 2 0 0 4 0 0 6 0 1 0 0 0 0 3 0 0 2 0 0 0 0 0 4 4 0 0 0 7 0 0 2 0 0 0 4 0 0 5 
0 0 0 0 0 10 0 10 0 0 0 0 7 0 0 6 0 0 0 11 0 0 0 6 2 0 0 0 0 8 0 4 0 0 6 0 0 6 0 1 0 0 0 0 3 0 0 0 2 0 0 0 0 4 4 0 0 0 9 0 0 0 0 0 0 6 0 0 7 
0 1 0 0 0 0 0 0 0 0 0 0 1 0 0 0 0 2 0 0 0 2 0 0 0 1 0 1 0 0 0 0 0 0 0 0 0 0 0 0 0 0 2 0 0 0 0 1 0 1 0 0 0 0 1 0 0 2 0 0 0 1 0 0 0 0 0 0 1 
0 8 0 0 0 0 4 0 0 0 0 3 0 0 1 0 0 2 1 0 0 3 0 0 0 0 6 6 0 0 0 0 0 0 8 0 0 0 1 1 0 0 0 0 2 0 5 0 0 0 2 4 0 0 3 0 0 0 0 0 0 0 4 2 0 0 0 2 0 
0 3 0 0 0 0 0 0 4 2 0 0 0 5 0 0 0 4 0 2 0 4 0 0 0 5 0 0 3 0 0 1 0 0 2 0 2 0 0 0 0 1 0 0 0 0 0 6 2 0 0 0 0 2 0 0 2 0 0 0 0 0 0 0 2 0 0 4 0 
0 3 0 0 0 2 0 0 3 0 2 0 0 3 0 0 0 0 0 4 0 0 0 0 0 2 0 0 0 0 0 0 1 0 0 0 0 0 2 0 1 0 0 0 0 0 0 6 2 0 0 0 0 6 0 0 2 0 4 0 3 0 0 0 6 0 0 4 0 
0 3 0 0 0 2 0 0 3 0 2 0 0 3 0 0 0 0 0 8 0 0 4 0 0 2 0 4 0 0 0 0 1 0 0 0 0 0 2 0 5 0 0 0 0 0 0 6 2 0 0 0 0 10 0 0 6 0 0 0 3 0 0 0 10 0 0 0 0 
0 6 0 0 0 10 0 0 0 0 0 6 4 0 0 4 0 0 0 4 0 0 0 4 0 4 0 0 0 4 2 0 0 0 0 0 0 0 0 0 0 4 6 0 0 9 0 0 6 0 0 0 7 0 0 1 0 0 3 0 10 0 0 0 3 0 4 0 0 
0 2 0 0 0 6 0 0 0 0 0 2 4 0 0 0 0 0 0 0 0 0 0 4 0 4 0 0 0 4 2 0 0 0 0 4 4 0 0 0 0 4 6 0 0 9 0 0 2 0 0 0 7 0 0 1 0 0 3 0 6 0 0 0 3 0 4 0 0 
0 1 0 3 0 0 0 1 0 1 0 0 0 0 1 0 0 2 1 0 0 2 0 0 0 0 0 3 0 0 0 1 0 0 0 1 4 0 0 0 4 0 0 0 1 3 0 0 0 0 0 0 0 0 0 0 2 3 0 0 0 0 1 1 0 0 1 0 0 
0 1 0 1 0 0 1 0 0 0 1 0 0 1 0 0 0 1 0 3 0 1 0 0 0 0 0 2 0 0 0 0 1 0 1 0 0 0 0 0 3 0 1 0 0 0 0 2 0 1 0 0 0 3 0 0 2 1 0 0 0 0 1 0 3 0 0 0 0 
0 5 0 0 0 0 0 0 6 0 0 0 0 3 0 0 3 0 16 0 0 8 0 0 0 0 2 0 3 0 0 5 0 0 0 8 0 0 8 0 0 11 0 0 5 4 0 0 0 1 0 2 0 0 0 4 0 6 0 0 0 4 0 0 0 6 0 0 0 
0 1 0 0 0 2 0 1 0 0 2 0 0 0 0 0 2 0 2 0 0 0 0 0 0 0 2 1 0 0 0 0 0 0 0 2 0 0 2 0 1 0 0 0 3 0 0 1 0 1 0 0 0 3 1 0 0 0 5 0 0 0 1 0 0 1 0 3 0 
0 9 0 0 0 8 0 0 4 0 0 6 0 1 0 0 0 4 0 0 0 4 0 0 0 7 0 0 3 0 0 5 0 0 4 0 0 0 0 0 0 5 6 0 0 2 0 0 4 0 0 0 8 0 0 0 0 2 0 0 2 0 0 0 0 4 0 0 2 
0 11 0 0 0 10 0 0 4 0 0 6 0 1 0 0 0 6 0 0 0 6 0 0 0 9 0 0 3 0 0 7 0 0 6 0 0 0 0 0 0 7 8 0 0 0 0 0 4 0 0 0 10 0 2 0 0 2 0 0 0 0 0 0 0 6 0 0 4 
0 5 0 0 0 4 0 0 4 0 0 2 0 1 0 0 0 0 4 0 0 4 0 0 0 3 0 0 3 0 0 5 0 0 0 0 0 0 4 0 0 5 2 0 0 2 0 0 4 0 0 0 4 0 0 0 0 2 0 0 2 0 0 0 0 4 0 0 2 
0 3 0 0 0 2 0 0 4 2 0 0 0 1 0 0 2 0 6 0 0 6 0 0 0 1 0 0 3 0 0 7 0 0 0 0 0 0 4 0 0 5 0 0 0 0 0 0 2 0 0 0 2 0 2 0 0 2 0 0 0 0 2 0 0 6 0 0 4 
0 5 0 0 0 4 0 0 4 0 0 0 0 1 0 0 0 0 6 0 0 6 0 0 0 3 0 0 3 0 0 7 0 0 0 0 0 0 6 0 0 7 2 0 0 0 0 0 4 0 0 0 4 0 2 0 0 2 0 0 0 0 0 0 0 6 0 0 4 
0 0 2 0 0 0 0 2 0 0 0 0 0 1 0 0 0 0 1 0 0 0 0 0 0 0 0 0 0 2 0 0 0 1 0 0 0 1 0 0 0 1 0 0 1 0 0 1 0 0 0 1 0 0 0 0 0 0 0 0 0 1 0 0 0 0 1 0 0 
4 0 0 0 0 0 0 0 6 2 0 0 0 0 4 0 2 0 0 0 4 0 3 0 0 4 0 0 9 0 0 0 0 0 0 0 2 0 0 4 0 0 0 2 0 0 4 0 0 0 4 0 5 0 0 1 0 0 0 4 0 0 0 0 0 4 0 0 3 
1 0 0 0 0 1 0 1 0 0 0 0 0 1 0 1 0 0 3 0 0 0 2 0 0 0 0 0 0 1 0 0 0 0 0 3 0 0 1 0 0 4 0 0 3 0 0 0 0 0 1 0 0 0 0 1 0 0 0 1 0 4 0 0 0 1 1 0 0 
0 0 0 0 0 0 1 0 0 0 0 1 0 3 0 4 0 0 3 0 0 0 0 1 1 0 0 0 0 3 0 2 0 0 0 0 0 0 3 0 0 5 0 0 2 0 1 0 3 0 0 1 0 0 0 3 0 0 1 0 1 0 0 0 0 2 0 1 0 
0 1 0 0 0 0 1 0 0 0 0 1 0 4 0 6 0 0 7 0 0 1 0 0 0 0 1 0 0 3 0 3 0 0 0 0 0 0 7 0 0 8 0 0 4 0 3 0 5 0 0 3 0 0 0 4 0 0 0 0 1 0 0 0 0 4 0 1 0 
1 0 0 0 0 0 1 0 0 0 0 1 1 0 0 0 0 0 0 0 2 0 0 0 0 0 0 0 1 0 0 0 1 1 0 0 0 0 0 1 0 0 2 0 0 1 0 0 0 0 0 0 2 0 0 0 0 0 0 0 1 0 0 0 0 0 0 0 0 
0 0 1 0 1 0 0 0 1 1 0 0 0 2 0 0 0 0 0 1 0 0 0 0 0 1 0 0 0 0 1 0 0 1 0 0 0 0 0 0 0 0 0 0 1 0 0 2 0 0 0 0 0 2 0 0 0 0 0 0 1 0 0 0 1 0 0 0 0 
0 0 4 0 6 0 0 2 0 6 0 0 0 2 0 0 0 1 0 0 0 2 0 0 0 0 3 0 0 0 1 0 0 5 0 0 0 0 1 0 2 0 0 0 4 0 0 2 0 4 0 0 0 2 0 0 0 0 0 4 0 0 3 0 0 2 4 0 0 
4 0 0 0 2 0 2 0 0 2 0 0 0 0 0 6 0 0 0 0 0 0 1 0 0 0 2 0 3 0 0 0 2 2 0 0 0 0 6 0 0 2 0 0 2 0 4 0 2 0 0 0 1 0 0 3 0 0 0 4 0 0 0 0 0 4 0 0 1 
1 0 0 0 2 0 0 0 0 1 0 0 0 0 1 2 0 0 0 0 1 0 0 0 0 0 2 0 2 0 0 0 2 2 0 0 0 0 3 0 0 0 0 0 1 0 2 0 0 0 0 0 1 0 0 2 0 0 0 2 0 0 0 0 0 2 0 0 0 
1 0 0 0 2 0 1 0 0 1 0 0 0 1 0 3 0 0 1 0 0 0 0 0 0 0 2 0 1 0 0 0 1 1 0 0 0 0 4 0 0 2 0 0 2 0 2 0 1 0 0 0 0 0 0 2 0 0 0 2 0 0 0 0 0 2 0 0 0 
1 0 0 0 0 0 0 0 0 0 0 1 1 0 0 0 0 0 0 0 1 0 2 0 0 0 0 0 1 0 0 0 0 0 1 0 0 1 0 2 0 0 0 0 0 0 1 0 0 0 0 1 0 0 0 0 1 0 0 1 0 0 0 0 0 0 0 0 0 
6 0 0 0 0 0 3 0 0 2 0 0 1 0 0 7 0 0 0 1 0 0 2 0 0 0 0 0 3 0 0 0 1 1 0 0 0 0 5 0 0 2 0 0 1 0 4 0 3 0 0 0 1 0 0 2 0 0 0 4 0 0 0 0 0 4 0 0 2 
0 0 0 4 0 0 0 1 0 0 2 0 0 2 0 0 0 4 0 0 0 6 0 0 0 3 0 0 2 0 0 0 4 2 0 0 0 0 0 0 2 0 4 0 0 0 0 6 0 1 0 0 0 0 0 0 2 4 0 0 0 3 0 0 3 0 0 2 0 
0 2 0 0 0 2 4 0 0 0 0 6 1 0 0 2 0 0 0 0 4 0 0 2 2 0 0 1 0 0 0 0 0 4 0 0 0 0 0 0 0 1 5 0 0 8 0 0 3 0 0 0 8 0 0 0 0 1 0 0 6 0 0 3 0 0 3 0 0 
0 2 0 0 0 2 1 0 0 0 0 3 1 0 0 1 0 0 0 0 1 0 0 1 1 0 0 0 0 0 0 1 0 1 0 0 0 0 0 0 0 1 2 0 0 5 0 0 2 0 0 0 4 0 0 0 1 0 0 0 3 0 0 1 0 0 2 0 0 
1 0 0 0 0 1 0 0 1 0 0 0 0 0 0 0 2 0 0 1 0 0 2 0 0 0 0 0 1 0 0 0 1 0 0 1 0 1 0 0 0 0 0 1 0 0 0 1 0 0 1 0 0 1 0 0 1 0 0 1 0 1 0 0 2 0 0 0 0 
0 0 3 0 4 0 5 0 0 1 0 0 0 2 0 0 0 1 0 4 0 0 0 2 1 0 0 2 0 0 6 0 0 0 2 0 0 3 0 0 2 0 0 0 0 0 0 0 0 6 0 0 0 2 0 0 0 0 0 4 0 0 4 2 0 0 4 0 0 
0 0 1 0 0 1 0 0 0 0 0 0 0 0 0 0 0 0 0 0 1 0 0 0 0 2 0 0 0 0 2 0 0 2 0 0 0 0 0 1 0 0 1 0 0 0 0 1 1 0 0 0 1 0 2 0 0 0 1 0 2 0 0 1 0 0 0 0 0 
2 0 0 0 0 2 0 0 3 2 0 0 0 0 1 0 0 0 0 1 0 0 2 0 0 5 0 0 3 0 3 0 0 0 0 2 2 0 0 0 0 0 0 1 0 0 1 0 1 0 0 0 1 0 0 1 0 0 0 2 1 0 0 0 0 1 0 0 0 
1 0 0 0 1 0 0 0 4 1 0 0 0 0 2 0 2 0 0 0 2 0 1 0 0 1 0 0 5 0 0 0 0 1 0 0 0 0 0 3 0 0 0 2 0 0 1 0 0 0 2 0 2 0 0 0 0 0 0 2 1 0 0 0 0 1 0 0 1 
7 0 0 0 0 0 3 0 0 7 0 0 8 0 0 1 0 0 0 1 0 6 0 0 0 0 0 0 4 0 1 0 0 0 0 0 0 1 0 4 0 0 3 0 0 0 0 1 0 4 0 1 0 0 5 0 0 0 0 1 0 0 3 0 0 4 0 0 3 
2 0 0 0 0 4 0 5 0 0 4 0 4 0 0 0 0 4 0 0 0 0 2 0 0 3 0 0 0 4 0 0 4 0 0 6 0 0 0 0 0 4 4 0 0 0 0 4 0 1 0 0 0 0 0 0 0 0 2 0 0 9 0 0 3 0 0 2 0 
2 0 0 0 0 2 0 2 0 0 1 0 2 0 0 0 0 1 1 0 0 0 2 0 0 1 0 0 0 2 0 0 2 0 0 4 0 0 0 0 0 3 1 0 0 0 0 1 0 0 0 1 0 0 0 1 0 0 0 0 0 5 0 0 1 0 0 1 0 
0 0 1 0 0 0 0 0 1 0 1 0 0 4 0 0 0 2 0 1 0 1 0 0 0 4 0 0 3 0 1 0 0 0 1 0 0 0 0 0 0 1 0 1 0 0 0 3 3 0 0 0 0 0 0 0 2 0 0 1 0 1 0 2 0 0 0 3 0 
0 0 3 0 2 0 0 0 1 0 3 0 0 8 0 0 0 4 0 0 0 1 0 0 0 6 0 0 4 0 1 0 0 0 0 0 0 0 2 0 0 4 0 2 0 0 0 6 6 0 0 0 0 0 0 0 3 0 0 2 0 4 0 5 0 0 0 6 0 
0 0 3 0 4 0 1 0 0 0 0 0 0 8 0 0 0 4 0 0 3 1 0 0 0 3 0 0 1 0 0 0 1 3 0 0 0 0 1 0 0 4 0 1 0 0 0 7 5 0 0 0 0 0 0 0 0 0 0 1 0 4 0 6 0 0 0 7 0 
0 0 6 2 0 0 0 6 0 0 0 0 0 0 1 2 0 0 5 0 0 0 0 0 0 0 0 0 0 6 4 0 0 3 0 0 0 3 0 1 0 0 0 0 4 0 1 0 0 3 0 6 0 0 0 1 0 0 0 0 1 0 0 0 0 1 6 0 0 
0 0 2 1 0 0 0 2 0 0 0 1 0 0 1 1 0 0 2 0 0 0 0 0 1 0 0 0 0 3 1 0 0 1 0 0 0 2 0 0 0 0 0 0 1 0 1 0 0 2 0 3 0 0 0 2 0 1 0 0 0 0 0 0 0 1 2 0 0 
5 0 0 5 0 0 3 0 0 3 0 0 0 3 0 3 0 0 0 0 0 7 0 0 0 0 0 0 5 0 0 0 5 5 0 0 0 0 2 0 2 0 0 0 0 0 0 6 3 0 0 1 0 0 0 0 0 1 0 0 0 0 0 0 0 0 0 6 0 
6 0 0 0 0 0 5 0 0 6 0 0 3 0 0 7 0 0 0 5 0 0 0 0 3 0 0 0 0 0 2 0 0 1 0 0 0 0 1 0 0 2 0 5 0 0 0 0 5 0 0 3 0 0 3 0 0 0 0 5 0 0 0 3 0 0 0 0 0 
1 0 0 0 2 0 0 0 0 4 0 0 2 0 0 0 0 0 1 0 0 3 0 0 0 0 2 0 2 0 0 0 0 1 0 0 0 0 1 1 0 0 0 0 1 0 0 0 0 2 0 1 0 0 1 0 0 0 0 2 0 0 2 0 0 2 1 0 0 
0 0 0 0 2 0 0 1 0 6 0 0 2 0 0 0 1 0 4 0 0 6 0 0 0 0 4 0 2 0 0 1 0 2 0 0 0 0 2 0 0 0 0 0 3 0 0 0 0 3 0 2 0 0 2 0 0 0 0 2 0 0 4 0 0 4 2 0 0 
0 0 0 0 0 6 0 7 0 0 0 0 3 0 0 0 0 2 0 6 0 2 0 0 0 1 0 0 0 3 0 0 4 0 0 0 0 6 0 0 0 3 1 0 0 0 0 6 0 0 3 0 0 0 5 0 0 2 0 0 0 11 0 1 0 0 0 0 4 
0 0 0 2 0 0 0 6 0 0 4 0 1 0 0 6 0 0 0 3 0 0 0 6 0 0 6 0 0 0 0 0 0 0 10 0 0 0 2 7 0 0 0 0 11 0 8 0 0 0 10 0 0 4 4 0 0 0 7 0 0 0 0 0 0 6 0 0 9 
3 0 0 2 0 0 0 0 0 0 0 1 0 1 0 0 0 0 0 0 0 0 6 0 2 0 0 6 0 0 0 2 0 0 0 3 2 0 0 0 3 0 0 0 4 0 0 0 0 0 2 0 0 6 0 0 2 4 0 0 0 3 0 0 0 0 0 0 4 
2 0 0 4 0 0 0 0 0 0 5 0 0 0 5 0 0 0 0 0 2 0 0 4 4 0 0 0 2 0 0 0 2 0 0 4 3 0 0 0 1 0 0 4 0 3 0 0 0 0 4 0 4 0 0 0 0 0 2 0 0 5 0 4 0 0 0 2 0 
2 0 0 3 0 0 0 0 0 0 10 0 0 0 0 0 0 0 3 0 0 0 0 1 2 0 0 0 2 0 0 0 2 0 0 6 0 0 6 0 0 0 0 0 0 0 0 4 0 2 0 0 0 5 0 0 3 0 6 0 0 4 0 0 3 0 0 5 0 
1 0 0 0 0 0 4 0 0 1 0 0 0 1 0 3 0 0 0 8 0 0 0 2 0 0 0 0 2 0 2 0 0 0 8 0 0 3 0 0 1 0 0 6 0 0 4 0 3 0 0 4 0 0 0 0 2 0 0 6 0 0 5 2 0 0 0 0 0 
0 0 1 1 0 0 0 1 0 0 1 0 0 1 0 0 0 1 0 0 0 0 0 0 0 1 0 0 0 0 0 1 0 0 1 0 1 0 0 0 1 0 0 0 0 0 0 0 1 0 0 0 0 0 0 0 2 0 0 0 0 0 1 0 0 0 0 0 0 
0 0 4 0 3 0 2 0 0 0 1 0 0 0 0 0 1 0 0 3 0 0 0 4 2 0 0 0 0 0 6 0 0 0 1 0 0 4 0 2 0 0 0 4 0 2 0 0 0 2 0 2 0 0 2 0 0 0 0 2 0 0 0 6 0 0 2 0 0 
0 0 0 0 1 0 0 0 1 0 0 0 0 2 0 3 0 0 3 0 0 0 0 0 1 0 0 0 0 1 0 4 0 0 0 0 0 0 4 0 0 4 0 0 2 0 2 0 2 0 0 0 0 1 0 2 0 1 0 0 0 0 0 0 0 4 0 0 3 
0 0 0 2 0 0 0 0 0 0 4 0 1 0 0 6 0 0 0 3 0 0 0 6 0 0 0 0 0 0 6 0 0 0 4 0 0 0 2 7 0 0 0 0 5 0 2 0 0 0 4 0 0 4 4 0 0 0 7 0 6 0 0 0 0 0 0 0 3 
0 0 0 2 0 0 0 0 0 0 4 0 1 0 0 6 0 0 0 3 0 0 0 6 2 0 0 0 0 2 4 0 0 0 2 0 0 0 2 5 0 0 0 0 3 0 0 0 0 0 2 0 0 4 2 0 0 0 7 0 6 0 0 0 2 0 0 0 1 
1 0 0 0 0 0 0 0 1 0 0 1 0 0 0 0 1 0 0 0 0 0 3 0 1 0 0 3 0 0 0 2 0 0 0 1 0 0 0 0 1 0 0 0 1 0 1 0 0 0 1 0 0 3 0 0 0 3 0 0 0 1 0 0 0 1 0 0 4 
4 0 0 0 0 4 0 0 6 2 0 0 0 0 4 0 2 0 0 0 0 0 5 0 0 8 0 0 7 0 4 0 0 0 0 4 2 0 0 0 0 0 0 2 0 0 4 0 0 0 0 0 3 0 0 3 0 0 0 4 0 0 0 0 0 4 0 0 1 
3 0 0 0 0 1 1 0 0 3 0 0 4 0 0 0 0 0 0 1 0 3 0 0 0 1 0 0 2 0 1 0 0 0 0 0 0 1 0 2 0 0 2 0 0 0 0 1 0 2 0 0 0 0 3 0 0 0 0 0 0 0 1 0 0 2 0 0 2 
0 0 0 0 0 4 0 3 0 0 2 0 0 0 0 0 5 0 4 0 0 0 2 0 0 0 4 2 0 0 0 1 0 0 0 4 0 0 2 0 4 0 0 0 7 0 0 0 0 3 0 0 0 6 0 0 0 0 8 0 0 0 4 0 0 4 0 4 0 
0 0 6 2 0 0 0 7 0 0 4 0 0 4 0 0 3 0 6 0 0 0 0 0 0 0 4 0 0 0 0 3 0 0 0 0 0 0 2 0 4 0 0 0 9 2 0 0 0 1 0 0 0 4 0 0 6 0 4 0 0 0 4 0 0 4 2 0 0 
0 0 6 2 0 0 0 7 0 0 4 0 0 6 0 0 3 0 6 0 0 0 0 0 0 0 4 0 0 0 0 5 0 0 2 0 0 0 2 0 4 0 0 0 11 0 0 0 0 1 0 0 0 6 0 0 6 0 6 0 0 0 6 0 0 6 0 0 0 
6 0 0 0 0 3 1 0 0 3 0 0 3 0 0 6 0 0 0 4 0 0 3 0 0 3 0 0 3 0 1 0 0 0 0 0 0 0 3 0 0 1 0 1 0 0 3 0 5 0 0 0 0 0 0 0 0 0 0 4 1 0 0 0 0 3 0 0 3 
6 0 0 0 0 4 0 0 0 4 0 0 4 0 0 6 0 0 0 6 0 0 2 0 0 4 0 0 3 0 2 0 0 0 0 0 0 0 2 0 0 0 0 1 0 0 2 0 5 0 0 0 0 1 1 0 0 0 0 3 2 0 0 0 0 3 0 0 4 
6 0 0 0 0 2 2 0 0 2 0 0 2 0 0 6 0 0 0 2 0 0 3 0 0 2 0 0 3 0 0 0 0 0 0 0 0 0 4 0 0 2 0 0 0 0 4 0 4 0 0 0 1 0 0 1 0 0 0 4 0 0 0 0 0 4 0 0 3 
0 0 0 0 0 0 0 2 0 0 0 4 2 0 0 0 0 2 2 0 0 2 0 0 1 0 0 0 0 4 0 0 3 0 0 2 0 4 0 0 0 2 3 0 0 0 0 0 0 4 0 5 0 0 0 6 0 6 0 0 0 4 0 0 0 1 0 1 0 
0 0 7 0 0 3 0 6 0 0 7 0 0 3 0 1 0 0 0 17 0 0 0 8 0 4 0 0 0 0 2 0 0 0 7 0 0 4 0 0 9 0 0 6 0 0 0 0 5 0 0 0 0 6 0 0 6 0 0 0 0 0 3 2 0 0 0 0 6 
1 0 0 0 3 0 0 0 5 0 0 0 4 0 0 0 2 0 0 0 2 0 0 3 0 0 0 0 6 0 3 0 0 0 0 2 0 0 0 8 0 0 0 2 0 6 0 0 0 0 0 0 0 0 0 0 1 0 2 0 6 0 0 3 0 0 0 2 0 
0 0 0 0 4 0 6 0 0 4 0 0 2 0 0 0 0 2 0 1 0 2 0 0 0 0 2 3 0 0 4 0 0 0 2 0 0 0 0 0 1 0 2 0 0 0 2 0 0 6 0 1 0 0 2 0 0 0 0 5 0 0 6 0 0 0 4 0 0 
0 1 0 0 2 0 3 0 0 1 0 0 1 0 0 0 0 1 0 0 0 1 0 0 0 0 2 2 0 0 1 0 0 0 2 0 0 0 1 0 0 0 1 0 0 0 2 0 0 2 0 1 0 0 1 0 0 0 0 2 0 0 3 0 0 0 1 0 0 
2 0 0 0 0 2 0 1 0 0 0 0 1 0 0 1 0 0 2 0 0 0 3 0 0 1 0 0 0 1 0 0 0 0 0 3 0 0 1 0 0 3 0 0 1 0 1 0 1 0 0 1 0 0 0 1 0 0 0 1 0 3 0 0 0 1 0 0 0 
5 0 0 0 0 5 0 3 0 0 0 0 4 0 0 0 0 0 3 0 0 0 6 0 0 2 0 0 0 3 0 0 2 0 0 8 0 0 0 0 0 6 0 0 0 0 0 0 2 0 0 3 0 0 0 2 0 0 0 1 0 8 0 0 0 0 0 2 0 
5 0 0 0 0 7 0 3 0 5 0 0 6 0 0 6 0 0 0 12 0 0 0 1 0 4 0 0 0 0 2 0 0 0 1 0 0 1 0 0 3 0 0 1 0 0 0 0 5 0 0 0 0 4 3 0 0 0 0 0 2 0 0 0 0 3 0 0 7 
6 0 0 0 0 6 0 2 0 6 0 0 6 0 0 6 0 0 0 10 0 0 0 0 0 4 0 0 1 0 2 0 0 0 0 0 0 0 0 0 2 0 0 1 0 0 0 0 5 0 0 0 0 3 3 0 0 0 0 1 2 0 0 0 0 3 0 0 6 
6 0 0 0 0 7 0 3 0 6 0 0 7 0 0 7 0 0 0 12 0 0 0 1 0 4 0 0 0 0 2 0 0 0 0 0 0 0 0 0 3 0 0 1 0 1 0 0 6 0 0 0 0 4 3 0 0 0 0 0 3 0 0 0 0 3 0 0 7 
0 0 5 1 0 0 0 0 0 0 14 0 0 0 3 0 4 0 6 0 0 0 0 6 0 1 0 0 0 0 6 0 0 0 0 7 0 0 7 0 0 0 0 2 0 0 1 0 0 3 0 0 0 3 2 0 0 0 9 0 0 0 0 2 0 0 0 3 0 
0 0 1 0 0 1 0 1 0 0 0 0 0 1 0 0 0 0 0 0 1 0 0 0 0 1 0 0 0 1 0 0 0 2 0 0 0 0 0 0 0 0 0 0 0 0 0 2 2 0 0 0 0 0 1 0 0 0 2 0 1 0 0 1 0 0 0 2 0 
0 0 0 0 0 4 0 3 0 4 0 0 4 0 0 0 5 0 6 0 0 4 0 0 0 0 4 0 0 2 0 3 0 0 0 2 0 0 0 0 0 2 0 0 3 2 0 0 0 1 0 2 0 0 4 0 0 0 4 0 0 0 4 0 0 4 0 0 0 
0 0 4 0 0 8 0 7 0 0 0 0 4 0 0 0 9 0 6 0 0 0 0 0 0 0 4 0 0 6 0 3 0 0 0 2 0 4 0 0 0 2 0 0 3 2 0 0 0 1 0 2 0 0 4 0 0 0 8 0 0 0 4 0 0 4 0 0 0 
3 0 0 0 0 3 0 1 0 0 0 0 0 0 0 2 0 0 5 0 0 0 6 0 0 2 0 0 0 1 2 0 0 0 0 6 0 0 2 0 0 6 0 0 4 0 2 0 0 0 0 1 0 0 0 2 0 0 0 3 0 6 0 0 0 2 2 0 0 
0 0 0 0 2 0 0 0 0 2 0 0 4 0 0 1 0 0 0 0 3 0 0 4 0 0 2 2 0 0 6 0 0 0 0 0 3 0 0 8 0 0 0 0 4 4 0 0 0 0 3 0 0 1 6 0 0 0 6 0 6 0 0 5 0 0 0 1 0 
0 0 0 0 3 0 0 0 4 4 0 0 0 6 0 0 0 4 0 1 0 2 0 0 0 5 0 0 2 0 2 0 0 0 0 2 3 0 0 0 0 2 0 0 3 0 0 6 0 1 0 0 0 4 0 2 0 0 0 0 0 2 0 0 0 0 0 4 0 
1 0 0 0 3 0 3 0 0 4 0 0 1 0 0 2 0 0 0 4 0 0 0 1 0 0 3 0 0 1 0 0 0 0 6 0 0 0 0 0 0 1 0 5 0 0 6 0 2 0 0 6 0 0 0 1 0 0 0 6 0 0 6 0 0 0 0 0 0 
0 0 0 0 3 0 0 0 4 4 0 0 0 0 0 0 0 4 0 3 0 0 0 2 0 5 0 4 0 0 6 0 0 0 0 6 7 0 0 0 4 0 0 0 1 4 0 0 0 3 0 0 0 4 0 4 0 4 0 0 2 0 0 2 0 0 0 0 0 
4 0 0 0 3 0 1 0 0 8 0 0 6 0 0 0 1 0 1 0 0 6 0 0 0 0 4 0 4 0 0 0 1 1 0 0 0 0 1 3 0 0 0 0 0 0 0 0 0 3 0 3 0 0 3 0 0 0 0 3 0 0 4 0 0 3 0 0 0 
0 0 0 3 0 0 0 3 0 0 0 0 3 0 0 0 0 3 0 1 0 0 0 1 2 0 0 6 0 0 0 4 0 0 0 4 7 0 0 0 7 0 0 3 0 12 0 0 6 0 0 0 0 0 0 0 7 6 0 0 1 0 0 7 0 0 0 0 0 
0 0 0 3 0 0 0 3 0 0 0 0 3 0 0 0 0 3 0 0 0 0 0 1 2 0 0 5 0 0 0 4 0 0 0 4 7 0 0 0 6 0 0 2 0 12 0 0 5 0 0 0 1 0 0 0 7 5 0 0 1 0 0 6 0 0 1 0 0 
0 1 0 3 0 0 0 2 0 0 0 1 2 0 0 0 0 3 0 0 0 0 0 0 2 0 0 6 0 0 0 4 0 0 0 3 6 0 0 0 6 0 0 2 0 10 0 0 5 0 0 0 0 0 0 0 6 6 0 0 1 0 0 6 0 0 0 0 0 
0 0 2 4 0 0 0 3 0 0 4 0 0 2 0 0 0 4 0 2 0 4 0 0 0 3 0 0 0 0 0 0 4 2 0 0 0 0 0 0 4 0 4 0 0 0 0 6 0 1 0 0 0 2 0 0 4 4 0 0 0 3 0 0 5 0 0 0 0 
0 0 0 6 0 0 0 4 0 3 0 0 0 0 0 0 0 2 4 0 0 3 0 0 0 0 2 4 0 0 0 1 0 0 0 3 8 0 0 0 6 0 0 0 6 8 0 0 0 0 2 0 0 0 0 0 5 4 0 0 0 0 1 1 0 0 4 0 0 
0 0 0 2 0 0 0 2 0 0 1 0 0 0 1 0 0 6 0 0 2 0 2 0 0 4 0 6 0 0 2 0 0 0 0 4 7 0 0 0 5 0 0 0 0 3 0 0 2 0 0 0 0 0 0 0 2 4 0 0 0 3 0 6 0 0 0 2 0 
0 0 2 6 0 0 0 3 0 0 4 0 0 2 0 0 0 6 0 0 0 6 0 0 0 5 0 0 0 0 0 0 4 2 0 0 2 0 0 0 4 0 6 0 0 0 0 6 0 1 0 0 0 0 0 0 4 6 0 0 0 3 0 0 5 0 0 0 0 
1 0 0 1 0 0 0 1 0 0 5 0 1 0 0 0 0 1 1 0 0 0 0 0 0 0 0 0 1 0 0 0 2 0 0 3 0 0 3 0 0 0 1 0 0 0 0 2 0 1 0 0 0 2 0 0 2 0 2 0 0 3 0 0 2 0 0 2 0 
0 0 0 0 0 4 0 3 0 6 0 0 4 0 0 0 5 0 6 0 0 6 0 0 0 0 4 0 0 2 0 5 0 0 0 0 0 0 0 0 0 2 0 0 3 0 0 0 0 1 0 2 0 0 6 0 0 0 4 0 0 0 6 0 0 6 0 0 2 
0 4 0 0 0 3 0 0 1 0 0 3 1 0 0 1 0 0 1 0 0 0 0 0 1 0 0 0 0 0 0 3 0 0 0 0 0 0 1 0 0 2 1 0 0 5 0 0 3 0 0 0 3 0 0 0 2 0 0 0 3 0 0 0 0 0 2 0 0 
0 1 0 0 3 0 0 0 4 0 3 0 2 0 0 2 0 0 0 0 0 0 0 4 0 0 0 0 3 0 4 0 0 0 0 2 0 0 4 6 0 0 0 0 2 2 0 0 0 2 0 0 0 4 0 1 0 0 5 0 6 0 0 0 0 0 0 2 0 
0 4 0 0 4 0 0 0 8 0 0 0 3 0 0 8 0 0 0 3 0 0 0 6 0 0 0 0 4 0 8 0 0 2 0 0 0 0 6 11 0 0 0 0 5 5 0 0 0 0 0 0 0 6 0 1 0 0 5 0 16 0 0 0 3 0 2 0 0 
0 2 0 0 0 0 0 0 0 0 2 0 1 0 0 4 0 0 0 3 0 0 0 4 0 0 2 2 0 0 4 0 0 0 4 0 0 0 2 5 0 0 0 0 5 0 2 0 0 0 4 0 0 4 4 0 0 0 5 0 4 0 0 0 0 0 0 0 3 
0 2 0 0 0 0 0 4 0 0 2 0 1 0 0 4 0 0 0 3 0 0 0 4 0 0 6 2 0 0 0 0 0 0 8 0 0 0 2 5 0 0 0 0 9 0 6 0 0 0 8 0 0 4 4 0 0 0 5 0 0 0 0 0 0 4 0 0 7 
0 1 0 3 0 0 0 1 0 0 0 0 0 1 0 0 0 4 0 0 0 7 0 0 0 2 0 0 1 0 0 0 4 3 0 0 0 1 0 0 2 0 4 0 0 0 0 6 0 2 0 1 0 0 0 0 0 5 0 0 0 3 0 0 2 0 0 2 0 
0 3 0 0 2 0 3 0 0 0 0 4 0 2 0 0 0 4 0 0 4 0 2 0 0 0 1 6 0 0 0 0 0 0 1 0 2 0 0 0 1 0 0 0 0 1 0 0 3 0 0 1 0 0 0 0 0 2 0 0 0 1 0 7 0 0 0 5 0 
0 3 0 0 0 0 1 0 0 0 0 4 0 1 0 0 0 3 0 0 3 0 3 0 1 0 0 6 0 0 0 3 0 0 0 0 3 0 0 0 3 0 0 1 0 4 0 0 5 0 0 0 0 0 0 0 3 3 0 0 1 0 0 6 0 0 0 3 0 
0 3 0 0 1 0 2 0 0 0 0 4 0 2 0 0 0 4 0 0 4 0 3 0 0 0 0 6 0 0 0 2 0 0 1 0 3 0 0 0 2 0 0 0 0 2 0 0 4 0 0 0 0 0 0 0 2 2 0 0 0 0 0 6 0 0 0 4 0 
0 4 0 5 0 0 3 0 0 0 0 1 0 0 4 0 0 4 1 0 0 6 0 0 1 0 0 7 0 0 0 0 0 1 0 0 3 0 0 0 8 0 3 0 0 1 0 0 0 4 0 0 0 0 0 0 0 7 0 0 0 0 3 1 0 0 1 0 0 
0 3 0 0 0 0 1 0 0 0 0 4 0 2 0 0 0 2 0 0 0 2 0 0 0 0 1 1 0 0 0 0 2 0 2 0 0 2 0 0 0 1 0 0 0 0 0 1 1 0 0 3 0 0 0 2 0 3 0 0 0 2 0 3 0 0 0 4 0 
0 4 0 0 0 10 0 7 0 0 0 0 4 0 0 0 0 4 0 6 0 4 0 0 0 3 0 0 0 6 0 0 4 0 0 0 0 6 0 0 0 4 4 0 0 0 0 10 0 1 0 0 0 0 6 0 0 0 4 0 0 9 0 0 3 0 0 2 0 
0 4 0 0 3 0 6 0 0 0 0 0 1 0 0 0 0 1 1 0 0 2 0 0 0 0 6 5 0 0 0 0 0 0 6 0 0 0 4 0 0 1 1 0 0 0 6 0 0 1 0 3 0 0 2 0 0 0 0 3 0 0 6 0 0 0 0 0 0 
0 5 0 0 0 0 3 0 0 1 0 0 2 0 0 0 0 0 6 0 0 7 0 0 0 0 5 5 0 0 0 0 0 1 0 0 0 0 6 0 0 3 0 0 0 0 0 0 3 0 0 5 0 0 5 0 0 3 0 0 0 0 0 3 0 0 0 2 0 
0 4 0 0 0 3 0 0 0 3 0 0 1 0 0 0 3 0 6 0 0 6 0 0 0 0 4 1 0 0 0 3 0 0 0 0 0 0 3 0 0 3 0 0 3 0 0 1 0 0 0 1 0 0 5 0 0 0 3 0 0 0 3 0 0 3 0 1 0 
0 10 0 0 0 6 0 0 3 0 0 0 0 0 2 0 0 0 6 0 0 6 0 0 0 0 1 1 0 0 0 6 0 0 0 0 0 0 6 0 0 6 0 0 1 0 0 2 3 0 0 0 2 0 5 0 0 0 4 0 0 0 0 0 0 3 0 2 0 
0 6 0 0 0 4 0 0 1 2 0 0 0 0 0 0 2 0 6 0 0 6 0 0 0 0 3 1 0 0 0 4 0 0 0 0 0 0 4 0 0 4 0 0 3 0 0 2 1 0 0 0 0 0 5 0 0 0 4 0 0 0 2 0 0 3 0 2 0 
0 2 0 0 2 0 0 0 1 0 0 1 0 0 0 0 0 4 0 0 2 1 0 0 0 1 0 1 0 0 0 0 1 0 0 1 1 0 0 0 0 0 2 0 0 0 0 1 0 2 0 0 0 0 0 2 0 2 0 0 0 2 0 1 0 0 0 2 0 
0 4 0 0 0 0 1 0 0 0 2 0 0 0 0 0 0 2 0 6 0 2 0 0 0 0 2 5 0 0 0 0 3 0 1 0 0 0 2 0 6 0 2 0 0 0 0 3 0 2 0 0 0 6 0 0 3 2 0 0 0 0 1 0 6 0 0 0 0 
0 3 0 0 0 2 0 0 1 0 0 1 0 1 0 2 0 0 3 0 0 1 0 0 1 0 0 0 0 1 0 4 0 0 0 0 0 0 3 0 0 4 0 0 1 1 0 0 3 0 0 0 1 0 0 0 0 0 1 0 1 0 0 0 0 2 0 0 0 
0 4 0 0 0 3 0 0 1 0 0 2 0 4 0 5 0 0 6 0 0 1 0 0 1 0 0 0 0 3 0 6 0 0 0 0 0 0 6 0 0 8 0 0 4 0 0 0 6 0 0 0 0 0 0 2 0 0 3 0 2 0 0 0 0 4 0 2 0 
0 1 0 0 0 0 0 1 0 5 0 0 2 0 0 0 2 0 6 0 0 7 0 0 0 0 4 0 1 0 0 2 0 1 0 0 0 0 2 0 0 1 0 0 3 0 0 0 0 2 0 3 0 0 3 0 0 0 0 0 0 0 4 0 0 4 1 0 0 
0 4 0 3 0 0 1 0 0 0 0 3 0 0 3 0 0 3 0 0 0 6 0 0 0 0 1 4 0 0 0 0 4 3 0 0 0 0 0 0 6 0 4 0 0 0 0 1 0 3 0 1 0 0 0 3 0 8 0 0 0 0 0 0 1 0 0 1 0 
0 6 0 0 0 2 0 0 0 0 0 2 0 0 0 1 0 0 0 0 1 0 0 2 0 0 4 4 0 0 4 0 0 0 4 0 1 0 0 6 0 0 0 0 8 0 0 0 0 0 5 0 0 3 6 0 0 0 8 0 4 0 0 3 0 0 0 3 0 
0 17 0 0 0 12 0 0 4 0 0 6 0 0 3 0 0 6 0 0 0 6 0 0 0 5 0 1 0 0 0 7 0 0 6 0 0 0 0 0 0 6 5 0 0 0 0 2 3 0 0 0 8 0 5 0 0 0 4 0 0 0 0 0 0 3 0 2 0 
0 0 4 1 0 0 0 0 0 0 12 0 0 0 3 0 4 0 5 0 0 0 0 5 0 0 0 0 0 0 4 0 0 0 0 6 0 0 6 0 1 0 0 2 0 0 1 0 0 3 0 0 0 3 1 0 0 0 8 0 0 0 1 1 0 0 0 3 0 
0 0 3 1 0 0 0 0 1 0 11 0 0 0 3 0 4 0 5 0 0 0 0 4 0 0 0 0 1 0 3 0 0 0 0 6 0 0 6 0 1 0 0 2 0 0 1 0 0 3 0 0 0 3 0 0 0 0 7 0 0 0 1 0 0 0 0 3 0 
0 0 3 1 0 0 0 0 2 0 12 0 0 0 3 0 4 0 6 0 0 0 0 4 0 1 0 0 2 0 4 0 0 0 0 7 0 0 7 0 0 0 0 2 0 0 1 0 0 3 0 0 0 3 0 0 0 0 7 0 0 0 0 0 0 0 0 3 0 
0 0 3 0 2 0 0 0 6 0 0 3 0 1 0 0 7 0 0 0 0 0 0 2 0 0 0 0 5 0 2 0 0 1 0 0 0 4 0 5 0 0 0 3 0 4 0 0 0 0 3 0 0 0 0 1 0 4 0 0 5 0 0 2 0 0 0 0 3 
0 0 4 0 3 0 1 0 0 0 0 1 3 0 0 0 1 0 0 0 0 0 0 3 1 0 0 0 0 0 8 0 0 1 0 0 0 4 0 6 0 0 0 1 0 4 0 0 0 3 0 3 0 0 3 0 0 0 0 0 4 0 0 6 0 0 3 0 0 
0 0 4 0 1 0 0 0 0 0 3 0 0 0 1 0 3 0 0 0 1 0 0 4 0 0 0 0 0 0 4 0 0 1 0 0 0 1 0 3 0 0 0 2 0 1 0 0 0 0 2 0 1 0 4 0 0 0 3 0 2 0 0 4 0 0 0 0 1 
0 0 7 3 0 0 0 6 0 0 1 0 0 0 1 2 0 0 6 0 0 0 0 0 0 1 0 0 0 6 6 0 0 3 0 0 0 3 0 2 0 0 0 0 4 0 1 0 0 3 0 7 0 0 0 0 0 0 0 0 2 0 0 0 0 0 7 0 0 
0 0 6 2 0 0 0 5 0 0 0 0 0 0 1 2 0 0 5 0 0 0 1 0 0 1 0 0 0 5 6 0 0 3 0 0 0 3 0 2 0 0 0 0 4 0 1 0 0 3 0 6 0 0 0 0 0 0 0 1 2 0 0 0 0 0 7 0 0 
0 0 7 3 0 0 0 0 0 0 1 0 0 0 1 2 0 0 6 0 0 0 0 0 0 7 0 0 0 0 18 0 0 3 0 0 0 3 0 8 0 0 0 0 4 0 1 0 0 3 0 7 0 0 6 0 0 0 0 0 8 0 0 6 0 0 7 0 0 
0 0 6 2 0 0 0 0 0 0 0 0 0 0 1 2 0 0 5 0 0 0 1 0 0 6 0 0 0 0 16 0 0 3 0 0 0 3 0 7 0 0 0 0 4 0 1 0 0 3 0 6 0 0 5 0 0 0 0 1 7 0 0 5 0 0 7 0 0 
0 0 1 0 0 3 0 0 0 0 1 0 0 3 0 1 0 0 0 11 0 0 0 2 0 4 0 0 6 0 2 0 0 0 7 0 0 4 0 0 3 0 0 6 0 0 0 0 5 0 0 0 0 0 0 0 6 0 0 6 0 0 3 2 0 0 0 0 0 
0 0 0 2 0 0 0 0 6 0 0 0 0 4 0 0 5 0 12 0 0 6 0 0 0 1 0 0 4 0 0 5 0 0 0 6 0 0 4 0 0 8 0 0 3 3 0 0 0 0 2 0 0 0 0 3 0 8 0 0 0 3 0 0 0 6 0 0 5 
0 0 3 0 2 0 0 3 0 0 0 1 0 6 0 0 0 0 0 0 0 0 6 0 0 0 2 5 0 0 0 2 0 3 0 0 0 0 2 0 4 0 0 0 8 0 0 3 2 0 0 0 0 8 0 0 5 0 0 0 0 0 0 0 0 0 0 0 0 
0 0 1 0 1 0 0 1 0 0 0 1 0 3 0 0 0 1 0 0 1 0 3 0 0 0 0 2 0 0 0 1 0 1 0 0 0 0 0 0 1 0 0 0 3 0 0 2 1 0 0 0 0 3 0 0 2 0 0 0 0 1 0 1 0 0 0 1 0 
0 0 0 0 0 6 0 7 0 0 6 0 3 0 0 0 0 8 0 0 0 2 0 0 0 7 0 0 0 3 0 0 4 0 0 6 0 0 0 0 0 9 7 0 0 0 0 6 0 0 3 0 6 0 5 0 0 2 0 0 0 17 0 1 0 0 0 0 4 
0 0 6 0 0 10 0 9 0 0 0 0 4 0 0 0 11 0 6 0 0 0 0 0 0 0 4 0 0 8 0 5 0 0 0 0 0 6 0 0 0 2 0 0 3 0 0 0 0 1 0 2 0 0 6 0 0 0 10 0 0 0 6 0 0 6 0 0 2 
0 0 1 0 0 0 0 0 7 3 0 0 0 3 0 0 0 4 0 2 0 0 0 0 0 12 0 0 0 0 7 0 0 0 0 3 7 0 0 0 0 0 3 0 0 0 0 2 1 0 0 0 0 2 0 3 0 4 0 0 6 0 0 0 4 0 0 0 1 
2 0 0 0 0 0 0 3 0 0 8 0 4 0 0 0 0 4 0 0 0 0 2 0 0 1 0 0 0 0 0 0 4 0 0 6 0 0 4 0 0 0 4 0 0 0 0 4 0 3 0 0 0 4 0 0 4 0 2 0 0 7 0 0 5 0 0 2 0 
0 0 4 0 0 2 0 8 0 0 0 0 1 0 0 0 0 2 0 2 0 2 0 0 1 0 0 0 0 5 0 0 3 4 0 0 0 6 0 0 0 1 0 1 0 0 0 6 0 0 0 4 0 0 3 0 0 2 0 0 0 8 0 3 0 0 0 0 0 
0 0 1 0 0 2 0 4 0 0 0 0 1 0 0 0 0 1 0 2 0 1 0 0 0 0 0 0 0 2 0 0 2 1 0 0 0 3 0 0 0 1 0 0 0 0 0 3 0 0 1 1 0 0 2 0 0 1 0 0 0 5 0 1 0 0 0 0 1 
0 0 6 0 6 0 0 2 0 4 0 0 0 1 0 0 0 2 0 0 2 0 0 0 0 0 0 0 0 2 4 0 0 6 0 0 0 2 0 2 0 0 0 0 1 0 0 3 0 4 0 1 0 0 2 0 0 0 0 4 0 0 0 2 0 0 5 0 0 
0 0 3 0 2 0 0 2 0 1 0 0 0 0 0 0 0 1 0 0 1 0 0 0 1 0 0 0 0 2 1 0 0 3 0 0 0 2 0 1 0 0 0 0 0 0 0 2 0 2 0 1 0 0 1 0 0 0 0 1 0 1 0 1 0 0 2 0 0 
1 0 0 0 2 0 0 0 0 3 0 0 0 0 1 2 0 0 0 0 1 2 0 0 0 0 2 0 4 0 0 0 2 4 0 0 0 0 3 0 0 0 0 0 1 0 0 0 0 0 0 0 3 0 0 0 0 0 0 4 0 0 0 0 0 2 2 0 0 
1 0 0 0 2 0 0 0 1 2 0 0 0 0 0 1 0 0 1 0 0 1 0 0 0 0 1 0 2 0 0 1 0 0 0 0 0 0 2 0 0 0 0 0 2 0 2 0 0 2 0 0 0 1 0 2 0 0 0 1 0 0 2 0 0 4 0 0 1 
0 0 8 4 0 0 0 10 0 0 9 0 0 0 1 0 0 6 0 0 0 0 0 6 0 4 0 0 0 0 2 0 0 0 0 4 7 0 0 0 7 0 0 0 0 11 0 0 2 0 0 0 6 0 0 0 10 0 0 0 0 3 0 6 0 0 6 0 0 
0 0 6 4 0 0 0 8 0 0 7 0 0 0 1 0 0 4 2 0 0 0 0 4 0 2 0 0 0 0 2 0 0 0 0 4 5 0 0 0 5 0 0 0 2 9 0 0 0 0 0 0 4 0 0 0 8 0 0 0 0 3 0 4 0 0 6 0 0 
0 0 4 0 1 0 0 0 2 0 3 0 0 0 2 0 9 0 0 3 0 0 0 4 0 0 4 0 2 0 0 0 0 0 7 0 0 4 0 4 0 0 0 6 0 0 6 0 0 0 8 2 0 0 4 0 0 0 0 0 0 0 4 0 0 0 0 0 8 
0 0 1 0 0 2 0 0 3 0 1 0 0 6 0 0 0 2 0 6 0 1 0 0 0 8 0 0 8 0 3 0 0 0 4 0 0 2 0 0 0 0 0 4 0 0 0 4 6 0 0 0 0 0 0 0 5 0 0 4 0 0 0 3 0 0 0 4 0 
0 0 4 0 1 0 0 0 2 0 3 0 0 0 2 0 5 0 0 3 0 0 0 4 0 0 0 0 2 0 4 0 0 0 3 0 0 4 0 4 0 0 0 6 0 0 2 0 0 0 4 2 0 0 4 0 0 0 0 0 0 0 0 4 0 0 0 0 4 
0 0 1 0 0 0 0 0 6 3 0 0 0 3 0 0 0 4 0 1 0 0 0 0 0 11 0 0 0 1 6 0 0 0 0 3 7 0 0 0 0 1 3 0 0 0 0 2 1 0 0 0 0 1 0 3 0 3 0 0 5 0 0 0 4 0 0 0 0 
0 0 1 0 2 0 0 3 0 3 0 0 0 0 0 2 0 0 1 0 0 2 0 0 0 0 4 0 1 0 0 0 2 4 0 0 0 0 3 0 1 0 0 0 4 0 0 0 0 0 0 0 0 0 0 0 0 0 0 2 0 0 0 0 0 2 2 0 0 
0 0 6 4 0 0 0 7 0 0 8 0 0 2 0 0 0 4 0 2 0 0 0 0 0 3 0 0 0 4 0 0 4 2 0 0 0 0 0 0 4 0 4 0 0 0 0 6 0 1 0 0 0 2 0 0 8 0 0 0 0 3 0 0 9 0 4 0 0 
0 0 8 6 0 0 0 9 0 0 10 0 0 2 0 0 0 6 0 0 0 0 0 0 0 5 0 0 0 6 0 0 4 2 0 0 2 0 0 0 4 0 6 0 0 0 0 6 0 1 0 0 0 0 0 0 10 0 0 0 0 3 0 0 11 0 6 0 0 
0 0 2 4 0 0 0 4 0 0 3 0 0 0 1 0 0 4 2 0 0 0 0 0 0 2 0 4 0 0 2 0 0 0 0 4 5 0 0 0 5 0 0 0 2 5 0 0 0 0 0 0 0 0 0 0 4 4 0 0 0 3 0 4 0 0 2 0 0 
0 0 2 4 0 0 0 4 0 0 3 0 0 0 1 0 0 6 0 0 0 0 0 0 0 4 0 6 0 0 2 0 0 0 0 4 7 0 0 0 7 0 0 0 0 5 0 0 2 0 0 0 0 0 0 0 4 6 0 0 0 3 0 6 0 0 0 0 0 
0 0 4 0 3 0 0 0 6 0 1 0 0 4 0 0 7 0 0 7 0 0 0 4 0 0 0 0 2 0 0 0 0 0 3 0 0 4 0 2 0 0 0 4 0 0 0 2 0 0 6 0 0 6 0 0 0 4 0 0 2 0 0 0 4 0 0 0 8 
0 0 6 0 5 0 0 0 6 0 1 0 0 6 0 0 7 0 0 9 0 0 0 6 0 0 0 0 0 0 0 0 0 0 3 0 0 4 0 0 0 0 0 4 0 0 0 2 0 0 6 0 0 8 0 2 0 6 0 0 2 0 0 0 4 0 0 0 10 
0 0 8 0 7 0 0 0 6 0 0 3 0 6 0 0 7 0 0 5 0 0 0 7 0 0 0 0 0 0 2 0 0 1 0 0 0 4 0 0 0 0 0 3 0 4 0 0 0 0 3 0 0 5 0 6 0 9 0 0 5 0 0 2 0 0 0 0 8 
0 0 4 0 7 0 0 0 8 4 0 0 0 4 0 0 0 4 0 3 0 0 0 6 0 9 0 0 0 0 10 0 0 0 0 6 7 0 0 0 0 0 0 0 1 4 0 0 0 3 0 0 0 4 0 8 0 4 0 0 6 0 0 2 0 0 0 0 0 
0 0 4 0 2 0 1 0 0 0 2 0 0 0 1 0 2 0 0 3 0 0 0 4 2 0 0 0 0 0 5 0 0 0 1 0 0 4 0 2 0 0 0 6 0 1 0 0 0 0 0 3 0 0 3 0 0 0 0 1 0 1 0 7 0 0 0 0 0 
0 0 6 0 1 0 0 0 0 0 5 0 0 0 2 0 11 0 0 3 0 0 0 6 0 0 6 0 0 0 0 0 0 0 9 0 0 4 0 4 0 0 0 6 0 0 8 0 0 0 10 2 0 0 6 0 0 0 2 0 0 0 6 0 0 0 0 0 10 
0 0 6 0 1 0 0 0 0 0 5 0 0 0 2 0 5 0 0 3 0 0 0 6 0 0 0 0 0 0 6 0 0 0 3 0 0 4 0 4 0 0 0 6 0 0 2 0 0 0 4 2 0 0 6 0 0 0 2 0 0 0 0 6 0 0 0 0 4 
0 0 5 3 0 0 0 8 0 0 5 0 3 0 0 0 0 3 0 0 0 0 0 6 2 0 0 0 0 0 0 4 0 0 0 4 7 0 0 0 6 0 0 2 0 17 0 0 5 0 0 0 6 0 0 0 12 0 0 0 1 0 0 6 0 0 6 0 0 
2 0 0 4 0 0 0 4 0 0 5 0 0 0 5 0 0 4 0 0 6 0 0 4 0 0 0 0 2 0 0 0 6 0 0 4 7 0 0 0 1 0 0 0 0 3 0 0 0 0 8 0 8 0 0 0 0 0 2 0 0 9 0 4 0 0 0 2 0 
0 0 0 0 3 0 0 0 7 6 0 0 0 0 0 0 4 0 2 0 0 2 0 0 7 0 0 0 0 1 0 14 0 0 0 0 1 0 0 0 0 3 0 6 0 0 0 0 1 0 0 0 0 3 2 0 0 3 0 0 0 0 5 0 0 6 0 0 9 
2 0 0 0 0 0 5 0 0 0 0 4 2 0 0 2 0 0 0 0 0 0 0 2 6 0 0 0 0 3 1 0 0 0 0 2 0 4 0 0 0 2 4 0 0 4 0 0 0 6 0 0 2 0 0 4 0 1 0 0 0 0 0 0 0 1 3 0 0 
0 0 0 0 0 0 0 0 4 4 0 0 0 0 0 0 2 0 2 0 0 0 0 4 0 2 0 0 0 4 2 0 0 0 0 6 8 0 0 0 0 4 0 0 0 7 0 0 0 0 4 0 3 0 0 3 0 0 1 0 4 0 0 0 5 0 4 0 0 
1 0 0 1 0 0 0 0 2 3 0 0 0 0 0 0 0 0 1 0 0 0 0 1 0 2 0 0 0 1 2 0 0 0 0 3 5 0 0 0 0 1 0 0 1 3 0 0 0 0 2 0 1 0 0 1 0 0 0 0 2 0 0 0 2 0 2 0 0 
1 0 0 0 0 2 1 0 0 0 0 0 3 0 0 0 2 0 2 0 0 0 0 1 0 0 0 0 0 1 1 0 0 0 0 4 1 0 0 0 0 2 2 0 0 5 0 0 0 1 0 0 2 0 0 0 0 0 1 0 1 0 0 0 1 0 2 0 0 
3 0 0 0 0 5 3 0 0 0 0 0 6 0 0 0 6 0 5 0 0 0 0 0 0 0 1 0 0 0 2 0 0 0 0 8 0 0 0 0 0 4 3 0 0 8 0 0 0 2 0 0 3 0 2 0 0 0 2 0 0 0 0 0 0 0 2 0 0 
0 1 0 1 0 0 0 0 0 0 0 0 0 0 1 0 0 1 0 0 0 1 0 0 0 0 0 2 0 0 0 0 0 0 0 0 1 0 0 0 1 0 0 0 0 0 0 0 0 0 1 0 0 0 1 0 0 2 0 0 0 1 0 1 0 0 0 0 1 
1 0 0 2 0 0 2 0 0 0 0 0 0 0 0 0 0 0 0 0 0 1 0 0 0 0 0 2 0 0 0 0 0 0 1 0 1 0 0 0 1 0 1 0 0 0 1 0 0 0 1 0 0 0 1 0 0 2 0 0 0 0 1 0 0 0 0 0 2 
6 0 0 5 0 0 0 0 0 0 4 0 0 0 3 2 0 0 0 0 3 1 0 0 0 0 0 0 11 0 0 0 6 0 0 0 0 0 2 3 0 0 0 0 0 0 1 0 0 0 6 0 7 0 0 0 3 0 0 4 0 6 0 0 0 2 0 0 1 
6 0 0 5 0 0 0 0 6 0 4 0 0 0 3 2 0 0 0 0 3 1 0 0 0 6 0 0 17 0 0 0 0 0 6 0 0 0 2 9 0 0 0 0 0 0 7 0 0 0 6 0 7 0 0 0 3 0 0 4 0 0 0 0 0 8 0 0 7 
0 0 0 4 0 0 0 0 0 0 0 0 0 0 2 6 0 0 0 0 0 0 0 4 4 0 0 0 0 4 2 0 0 2 0 0 2 0 0 2 0 0 0 0 2 3 0 0 0 0 2 0 1 0 0 1 0 0 3 0 6 0 0 0 3 0 4 0 0 
1 0 0 5 0 0 0 0 0 1 0 0 0 0 1 6 0 0 1 0 0 0 0 3 3 0 0 0 0 3 3 0 0 1 0 0 3 0 0 3 0 0 0 0 4 3 0 0 0 0 3 0 0 0 0 0 0 0 3 0 6 0 0 0 3 0 4 0 0 
2 0 0 5 0 0 0 0 0 2 0 0 0 0 0 6 0 0 1 0 0 0 0 3 2 0 0 0 0 2 4 0 0 0 0 0 4 0 0 4 0 0 0 0 6 3 0 0 0 0 4 0 0 1 1 0 0 0 4 0 6 0 0 0 2 0 3 0 0 
2 0 0 1 0 0 3 0 0 0 0 2 0 0 0 0 0 0 0 0 2 1 0 0 1 0 0 0 1 0 0 0 2 1 0 0 0 1 0 0 1 0 3 0 0 0 0 0 0 2 0 0 2 0 0 2 0 1 0 0 0 0 1 0 0 1 0 1 0 
3 0 0 2 0 0 6 0 0 0 0 5 1 0 0 0 0 0 0 0 2 2 0 0 4 0 0 0 0 0 0 0 2 1 0 0 0 4 0 0 2 0 6 0 0 1 0 0 0 6 0 0 2 0 0 4 0 4 0 0 0 0 2 0 0 2 0 0 0 
3 0 0 4 0 0 6 0 0 0 0 5 1 0 0 0 0 0 0 0 0 4 0 0 4 0 0 2 0 0 0 0 2 1 0 0 0 4 0 0 4 0 6 0 0 1 0 0 0 6 0 0 0 0 0 4 0 8 0 0 0 0 2 0 0 2 0 0 2 
0 0 0 0 8 0 0 0 8 4 0 0 0 0 0 2 0 0 0 4 0 0 0 6 10 0 0 0 0 4 0 9 0 0 0 4 0 0 0 0 0 4 0 6 0 3 0 0 0 3 0 0 0 6 0 7 0 4 0 0 0 1 0 0 0 4 0 0 7 
0 0 0 0 2 0 0 0 0 0 0 4 0 5 0 0 0 2 0 0 3 0 7 0 4 0 0 3 0 0 0 3 0 1 0 0 0 3 0 1 0 0 0 0 5 0 0 5 0 1 0 0 0 6 0 0 3 0 0 0 0 4 0 2 0 0 0 2 0 
2 0 0 0 0 0 2 0 0 0 0 6 0 5 0 0 0 0 0 0 3 0 9 0 6 0 0 3 0 0 0 3 0 1 0 0 0 5 0 1 0 0 0 0 5 0 0 5 0 1 0 0 0 6 0 0 3 0 0 0 0 4 0 2 0 0 0 2 0 
0 0 0 2 0 0 0 0 0 0 1 0 0 0 4 3 0 0 0 2 0 0 0 2 4 0 0 0 0 2 0 0 0 1 0 0 0 1 0 0 2 0 0 3 0 0 1 0 0 1 0 1 0 0 0 2 0 0 0 0 0 0 0 0 0 0 1 0 0 
1 0 0 3 0 0 0 0 0 0 2 0 0 0 4 3 0 0 0 2 0 0 0 2 3 0 0 0 0 1 0 0 1 0 0 0 0 0 0 0 2 0 0 3 0 0 2 0 0 0 1 1 0 0 0 2 0 1 0 0 0 1 0 0 0 0 0 0 1 
1 0 0 3 0 0 0 0 0 0 2 0 0 0 5 4 0 0 0 2 0 0 0 2 3 0 0 0 0 1 0 0 1 1 0 0 0 0 1 0 3 0 0 3 0 0 3 0 0 0 0 1 0 0 0 3 0 1 0 0 0 0 0 0 0 1 0 0 1 
1 0 0 5 0 0 0 0 0 0 3 0 0 0 8 6 0 0 0 4 0 0 0 4 7 0 0 0 0 3 0 0 1 1 0 0 0 1 0 0 4 0 0 7 0 0 3 0 0 0 0 3 0 0 0 4 0 1 0 0 0 1 0 1 0 0 0 0 0 
0 0 0 3 0 0 0 0 0 0 5 0 0 0 5 2 0 0 0 1 0 0 0 3 4 0 0 0 0 0 0 0 0 0 0 1 0 0 1 0 1 0 0 4 0 0 1 0 0 0 2 0 1 0 1 0 0 0 1 0 0 3 0 2 0 0 0 0 1 
1 0 0 3 0 0 0 0 0 0 4 0 0 0 4 2 0 0 0 1 0 0 0 2 3 0 0 0 1 0 0 0 1 0 0 1 0 0 1 0 1 0 0 3 0 0 1 0 0 0 2 0 1 0 0 0 0 0 0 0 0 3 0 1 0 0 0 0 1 
2 0 0 6 0 0 0 0 0 0 6 0 0 0 8 5 0 0 0 4 0 0 0 4 6 0 0 0 0 0 0 0 2 0 0 1 0 0 1 0 4 0 0 6 0 0 3 0 0 0 3 0 0 0 0 2 0 2 0 0 0 4 0 1 0 0 0 0 3 
0 0 0 0 2 0 0 0 6 6 0 0 0 0 0 0 4 0 2 0 0 0 0 6 0 0 0 0 0 6 0 0 0 0 0 8 10 0 0 0 0 6 0 2 0 9 0 0 0 0 6 0 3 0 0 5 0 0 1 0 4 0 0 0 7 0 4 0 0 
4 0 0 0 0 4 0 4 0 4 0 0 5 0 0 4 0 0 0 5 0 0 0 0 2 0 0 0 0 2 0 2 0 0 0 0 0 2 0 1 0 0 0 0 3 0 0 2 0 0 0 0 0 4 4 0 0 0 3 0 0 2 0 0 0 4 0 0 5 
6 0 0 3 0 0 7 0 0 0 0 3 0 2 0 0 0 0 0 0 7 2 0 0 0 0 0 0 4 0 0 0 7 3 0 0 1 0 0 0 1 0 6 0 0 0 0 2 0 0 0 0 6 0 0 3 0 0 1 0 0 0 1 0 0 0 0 6 0 
6 0 0 3 0 0 7 0 0 0 0 3 0 8 0 0 0 0 0 0 7 2 0 0 0 0 0 0 4 0 0 0 7 3 0 0 1 0 0 0 1 0 0 0 0 0 0 8 6 0 0 0 0 0 0 3 0 0 7 0 0 0 1 6 0 0 0 18 0 
0 0 0 0 2 0 0 0 1 1 0 0 0 0 0 0 0 1 0 0 1 0 0 1 1 0 0 0 0 1 0 1 0 0 0 1 1 0 0 0 0 0 0 0 0 0 0 0 0 2 0 0 0 1 0 2 0 0 1 0 0 0 1 0 0 1 0 1 0 
3 0 0 6 0 0 0 0 0 2 0 0 0 3 0 7 0 0 1 0 0 0 0 3 0 0 0 0 1 0 6 0 0 0 3 0 4 0 0 7 0 0 0 0 12 0 0 0 0 0 7 0 0 4 3 0 0 0 7 0 6 0 0 0 0 1 0 0 0 
2 0 0 5 0 0 0 1 0 2 0 0 0 3 0 6 0 0 1 0 0 0 0 3 0 0 1 0 0 0 5 0 0 0 3 0 4 0 0 6 0 0 0 0 12 0 0 0 0 0 7 0 0 4 3 0 0 0 7 0 5 0 0 0 0 1 0 0 0 
2 0 0 5 0 0 0 0 0 2 0 0 0 2 0 6 0 0 1 0 0 0 0 3 0 0 0 0 0 0 6 0 0 0 2 0 4 0 0 6 0 0 0 0 10 1 0 0 0 0 6 0 0 3 3 0 0 0 6 0 6 0 0 0 0 0 1 0 0 
2 0 0 5 0 0 0 6 0 2 0 0 0 3 0 6 0 0 1 0 0 0 0 3 0 0 6 0 0 0 0 0 0 0 8 0 4 0 0 6 0 0 0 0 17 0 5 0 0 0 12 0 0 4 3 0 0 0 7 0 0 0 0 0 0 6 0 0 5 
1 0 0 8 0 0 0 0 0 1 0 0 0 0 1 6 0 0 4 0 0 0 0 0 3 0 0 0 0 3 3 0 0 1 0 0 3 0 0 3 0 0 0 0 4 3 0 0 0 0 3 3 0 0 0 0 3 0 0 0 6 0 0 0 6 0 7 0 0 
0 0 0 2 0 0 0 0 0 0 2 0 0 0 1 2 0 0 2 0 0 0 0 0 2 0 0 0 0 1 0 2 0 0 0 0 0 0 2 0 0 1 0 2 0 0 1 0 2 0 0 2 0 0 0 0 1 0 0 0 0 0 0 0 0 0 0 0 0 
0 0 0 4 0 0 0 0 0 0 0 4 0 0 4 4 0 0 3 0 0 0 0 0 8 0 0 0 0 6 0 2 0 1 0 0 0 5 0 0 0 1 0 2 0 0 2 0 0 4 0 6 0 0 0 6 0 4 0 0 0 1 0 0 0 2 2 0 0 
0 0 0 6 0 0 0 0 0 0 2 0 0 0 4 6 0 0 0 0 2 0 0 6 6 0 0 0 0 6 0 0 0 2 0 0 4 0 0 2 0 0 0 0 0 3 0 0 0 0 4 0 3 0 0 1 0 0 5 0 6 0 0 0 5 0 4 0 0 
0 0 0 0 0 2 0 0 3 0 4 0 1 0 0 0 6 0 6 0 0 0 0 0 0 0 1 0 3 0 0 2 0 0 0 6 0 0 4 0 0 3 0 3 0 4 0 0 2 0 0 0 0 0 0 0 2 0 2 0 0 0 0 0 0 0 0 2 0 
0 0 0 6 0 0 0 0 0 0 2 0 0 0 4 0 0 0 0 0 8 0 0 6 0 0 0 0 0 6 0 0 6 2 0 0 10 0 0 2 0 0 6 0 0 3 0 0 0 0 10 0 9 0 0 1 0 0 5 0 6 0 0 0 11 0 4 0 0 
0 1 0 0 3 0 0 0 4 0 5 0 0 0 0 2 0 0 2 0 0 0 0 4 0 0 0 0 3 0 4 0 0 0 0 4 0 0 6 4 0 0 0 0 4 0 0 0 0 4 0 0 0 6 0 3 0 0 7 0 4 0 0 0 0 2 0 4 0 
0 2 0 0 0 0 0 0 6 4 0 0 0 0 2 0 4 0 2 0 0 0 0 4 0 0 0 0 0 4 0 0 0 0 0 6 8 0 0 0 0 4 0 2 0 7 0 0 0 0 6 0 3 0 0 3 0 0 1 0 4 0 0 0 7 0 4 0 0 
0 3 0 0 0 3 1 0 0 0 0 7 0 1 0 0 0 0 0 0 3 0 6 0 1 0 0 6 0 0 0 3 0 3 0 0 0 0 0 0 3 0 0 1 0 4 0 0 8 0 0 0 0 0 0 0 3 3 0 0 4 0 0 6 0 0 0 3 0 
0 3 0 0 7 0 0 0 4 0 7 0 0 0 0 0 0 6 0 0 4 0 0 4 4 0 0 0 1 0 0 0 0 0 0 6 0 0 4 4 0 0 0 0 0 0 0 6 0 8 0 0 0 8 0 3 0 0 9 0 0 4 0 2 0 0 0 10 0 
0 5 0 0 7 0 0 0 5 0 0 4 0 0 0 0 0 7 0 0 8 0 7 0 9 0 0 3 0 0 0 8 0 1 0 0 0 3 0 6 0 0 0 0 0 0 0 5 0 6 0 0 0 6 0 0 3 0 0 0 0 4 0 2 0 0 0 2 0 
0 2 0 4 0 0 0 0 2 0 0 0 0 0 4 4 0 0 0 0 2 0 0 4 4 0 0 0 0 4 0 0 0 2 0 0 4 0 0 2 0 0 0 0 0 3 0 0 0 0 4 0 3 0 0 1 0 0 3 0 6 0 0 0 5 0 4 0 0 
0 3 0 2 0 0 0 0 4 2 0 0 0 5 0 0 0 6 0 0 0 6 0 0 0 7 0 0 3 0 0 1 0 0 2 0 4 0 0 0 0 1 2 0 0 0 0 6 2 0 0 0 0 0 0 0 2 2 0 0 0 0 0 0 2 0 0 4 0 
0 3 0 2 0 0 0 0 4 2 0 0 0 7 0 0 0 6 0 0 0 6 0 0 0 7 0 0 5 0 0 3 0 0 4 0 4 0 0 0 0 1 0 0 0 0 0 6 4 0 0 0 0 0 0 0 4 0 0 0 0 0 2 0 0 0 0 6 0 
0 2 0 3 0 0 1 0 0 1 0 0 0 0 3 0 0 2 1 0 0 4 0 0 1 0 0 3 0 0 0 1 0 1 0 0 2 0 0 0 5 0 1 0 0 0 0 0 0 3 0 0 0 0 0 0 0 3 0 0 0 0 3 0 0 1 1 0 0 
0 3 0 0 0 2 0 0 0 0 1 0 0 0 4 0 0 6 0 3 0 0 5 0 0 5 0 12 0 0 8 0 0 0 0 6 5 0 0 0 8 0 0 0 3 0 0 0 0 3 0 0 0 6 2 0 0 4 0 0 0 4 0 6 0 0 0 0 0 
0 2 0 4 0 0 0 0 2 0 0 0 0 0 4 0 0 0 0 0 6 0 0 4 0 0 0 0 0 4 0 0 4 2 0 0 8 0 0 2 0 0 4 0 0 3 0 0 0 0 8 0 7 0 0 1 0 0 3 0 6 0 0 0 9 0 4 0 0 
1 0 0 5 0 0 0 0 0 0 3 0 0 3 0 0 0 3 1 0 0 6 0 0 0 3 0 0 4 0 0 0 4 1 0 0 0 0 1 0 1 0 3 0 0 0 0 6 0 0 0 0 0 0 0 0 3 3 0 0 0 3 0 0 3 0 0 3 0 
1 0 0 5 0 0 0 0 1 0 4 0 0 4 0 0 0 3 2 0 0 6 0 0 0 4 0 0 6 0 0 0 3 0 0 0 0 0 2 0 0 0 2 0 0 0 0 6 1 0 0 0 0 0 0 0 4 2 0 0 0 3 0 0 2 0 0 4 0 
0 0 3 0 3 0 1 0 0 0 1 0 0 5 0 0 0 2 0 0 1 0 0 1 0 2 0 0 0 0 1 0 0 1 0 0 0 0 1 0 0 3 0 1 0 0 0 3 3 0 0 0 0 0 0 0 0 0 0 1 0 2 0 4 0 0 0 3 0 
5 0 0 2 0 0 6 0 0 0 0 3 0 2 0 0 1 0 0 0 6 2 0 0 0 0 1 0 4 0 0 0 7 3 0 0 0 0 0 0 1 0 5 0 0 0 0 2 0 0 0 0 5 0 0 3 0 0 1 0 0 0 1 0 0 0 0 6 0 
5 0 0 2 0 0 6 0 0 0 0 3 0 7 0 0 1 0 0 0 6 2 0 0 0 0 1 0 4 0 0 0 7 3 0 0 0 0 0 0 1 0 0 0 0 0 0 7 5 0 0 0 0 0 0 3 0 0 6 0 0 0 1 5 0 0 0 16 0 
0 0 4 0 1 0 0 0 0 0 3 0 0 4 0 0 3 0 0 9 0 0 0 4 2 0 0 0 2 0 0 4 0 0 7 0 0 4 0 0 4 0 0 6 0 0 0 0 2 0 0 0 0 4 0 0 6 0 0 2 0 0 6 0 0 0 0 0 4 
0 0 4 0 1 0 0 0 0 0 3 0 0 4 0 0 3 0 0 9 0 0 0 4 2 0 0 0 6 0 0 4 0 0 7 0 0 4 0 0 4 0 0 10 0 4 0 0 6 0 0 0 0 0 0 0 10 0 0 6 0 0 6 4 0 0 0 0 0 
0 0 2 2 0 0 0 4 0 1 0 0 0 1 0 1 0 0 3 0 0 1 0 0 0 0 2 0 0 1 0 0 0 1 0 0 1 0 0 0 1 0 0 0 5 2 0 0 0 0 1 1 0 0 0 0 2 0 0 0 0 0 0 0 0 1 3 0 0 
0 0 3 5 0 0 0 7 0 2 0 0 0 3 0 1 0 0 6 0 0 2 0 0 0 0 4 0 0 0 0 1 0 0 0 0 4 0 0 0 3 0 0 0 11 6 0 0 0 0 3 0 0 0 0 0 6 0 0 0 0 0 1 0 0 2 6 0 0 
0 0 6 0 1 0 0 2 0 0 5 0 0 4 0 0 3 0 0 11 0 0 0 6 2 0 0 0 0 0 0 4 0 0 7 0 0 4 0 0 6 0 0 6 0 0 0 0 2 0 0 0 0 6 0 0 6 0 0 0 0 0 6 0 0 0 0 0 6 
0 0 1 0 1 0 0 0 2 0 0 0 0 1 0 0 2 0 0 3 0 0 0 1 2 0 0 1 0 0 0 2 0 0 1 0 0 2 0 0 0 0 0 2 0 0 0 1 0 0 2 0 0 3 1 0 0 3 0 0 0 1 0 0 0 0 0 0 5 
0 0 0 3 0 0 0 0 0 0 6 0 0 0 6 0 0 0 0 1 0 0 0 3 6 0 0 2 0 0 0 0 0 0 0 3 0 1 0 0 0 2 0 6 0 0 0 1 0 0 6 0 2 0 5 0 0 2 0 0 0 10 0 6 0 0 0 0 4 
0 1 0 3 0 0 0 0 0 0 7 0 0 0 7 0 0 1 0 0 0 0 0 3 6 0 0 3 0 0 0 0 0 0 0 4 0 0 0 0 0 3 0 6 0 0 0 1 0 0 7 0 3 0 6 0 0 2 0 0 0 12 0 7 0 0 0 0 4 
0 0 0 3 0 0 0 1 0 0 7 0 0 0 6 0 0 1 0 0 0 0 0 3 5 0 0 2 0 0 0 0 1 0 0 4 0 0 0 0 0 3 0 5 0 0 0 1 0 0 7 0 3 0 5 0 0 2 0 0 0 12 0 6 0 0 0 0 4 
3 0 0 0 0 3 0 0 0 0 0 0 0 0 1 2 0 0 5 0 0 0 7 0 0 3 0 0 0 0 4 0 0 0 0 6 0 0 2 0 0 5 0 0 4 0 3 0 0 1 0 1 0 0 0 2 0 0 0 4 0 5 0 0 0 2 3 0 0 
3 0 0 0 0 3 2 0 0 0 0 0 0 0 1 2 0 0 5 0 0 0 9 0 0 3 0 2 0 0 6 0 0 0 0 6 0 0 2 0 0 5 0 0 4 0 3 0 0 1 0 1 0 0 0 0 0 0 0 6 0 5 0 0 0 0 5 0 0 
3 0 0 0 0 3 0 0 5 0 0 0 0 0 6 2 0 0 5 0 0 0 7 0 0 8 0 0 5 0 9 0 0 0 0 6 0 0 2 0 0 0 0 0 4 0 8 0 0 6 0 1 0 0 0 7 0 0 0 4 0 0 0 0 0 7 3 0 0 
1 0 0 0 1 0 0 0 2 1 0 0 1 0 0 0 1 0 0 1 0 0 1 0 2 0 0 2 0 0 0 3 0 0 0 1 0 0 0 0 0 0 0 1 0 0 0 0 0 0 1 0 0 3 1 0 0 3 0 0 0 1 0 0 0 1 0 0 5 
1 0 0 6 0 0 0 0 4 0 4 0 0 7 0 0 0 3 3 0 0 7 0 0 0 7 0 0 12 0 0 0 0 0 3 0 0 0 2 3 0 0 0 0 1 0 0 6 3 0 0 0 0 0 0 0 7 0 0 0 0 0 0 0 0 1 0 6 0 
1 0 0 5 0 0 0 0 3 0 4 0 0 6 0 0 0 3 2 0 0 6 0 0 0 6 0 0 10 0 0 0 1 0 2 0 0 0 2 2 0 0 0 0 0 0 0 6 3 0 0 0 0 0 0 0 6 0 0 0 0 1 0 0 0 0 0 6 0 
1 0 0 5 0 0 0 0 4 0 4 0 0 6 0 0 0 3 2 0 0 6 0 0 0 7 0 0 12 0 0 0 0 0 3 0 0 0 2 3 0 0 0 0 0 0 0 5 3 0 0 0 1 0 0 0 7 0 0 1 0 0 0 0 0 1 0 5 0 
3 0 0 0 0 2 0 1 0 3 0 0 4 0 0 1 0 0 0 3 0 2 0 0 0 1 0 0 1 0 0 0 0 0 0 0 0 1 0 1 0 0 1 0 0 0 0 1 0 0 0 0 0 1 3 0 0 1 0 0 0 1 0 0 0 2 0 0 4 
3 0 0 0 0 0 1 0 0 3 0 0 5 0 0 0 0 1 0 0 0 4 0 0 0 1 0 0 2 0 1 0 0 0 0 0 0 1 0 3 0 0 3 0 0 0 0 1 0 3 0 1 0 0 3 0 0 1 0 0 0 0 1 0 0 2 0 0 2 
6 0 0 0 0 3 0 0 0 6 0 0 8 0 0 1 0 0 0 4 0 5 0 0 0 3 0 0 4 0 2 0 0 0 0 0 0 2 0 4 0 0 3 0 0 0 0 2 0 2 0 0 0 1 6 0 0 1 0 0 0 0 0 0 0 4 0 0 6 
0 0 1 0 3 0 0 0 6 4 0 0 0 1 0 0 4 0 2 0 0 1 0 0 6 0 0 0 0 1 0 12 0 0 0 0 0 0 0 0 0 3 0 5 0 0 0 0 1 0 0 0 0 3 1 0 0 3 0 0 0 0 4 0 0 5 0 0 8 
0 0 3 0 4 0 5 0 0 1 0 0 0 6 0 0 0 1 0 8 0 0 0 2 1 0 0 6 0 0 6 0 0 0 2 0 0 3 0 0 6 0 0 0 4 0 0 4 0 6 0 0 0 10 0 0 0 0 0 0 0 0 4 2 0 0 0 0 0 
5 0 0 0 0 3 1 0 0 2 0 0 5 0 0 0 9 0 3 0 0 2 0 0 0 0 6 0 4 0 0 0 5 0 0 6 0 0 0 0 1 0 0 2 0 5 0 0 0 0 0 2 0 0 0 1 0 0 3 0 0 0 3 0 0 0 0 6 0 
5 0 0 0 0 3 1 0 0 2 0 0 5 0 0 0 7 0 3 0 0 2 0 0 0 0 4 0 4 0 0 0 3 0 0 6 0 0 0 0 1 0 0 0 0 5 0 0 0 2 0 0 0 0 0 1 0 0 3 0 0 0 3 0 0 2 0 4 0 
5 0 0 0 0 3 1 0 0 2 0 0 0 0 0 0 7 0 3 0 0 2 0 0 0 0 4 0 4 0 0 0 3 0 0 6 0 0 0 0 6 0 0 0 5 0 0 0 0 7 0 0 0 5 0 6 0 0 8 0 0 0 8 0 0 7 0 9 0 
0 11 0 0 1 0 0 0 6 0 0 4 0 0 6 0 0 6 0 0 6 0 3 0 0 0 0 6 0 0 0 6 0 0 7 0 5 0 0 4 0 0 0 0 0 0 6 0 0 0 6 0 2 0 2 0 0 2 0 0 0 0 0 0 0 0 0 0 4 
0 3 0 0 3 0 0 0 6 0 5 0 4 0 0 6 0 0 0 4 0 0 0 6 0 0 0 0 3 0 4 0 0 0 0 0 0 0 8 8 0 0 0 0 0 3 0 0 2 0 0 0 0 6 0 0 2 0 5 0 12 0 0 0 5 0 0 0 1 
0 5 0 0 1 0 2 0 0 0 0 2 0 0 3 0 0 6 0 4 0 0 3 0 0 0 0 16 0 0 6 0 0 0 0 6 5 0 0 0 11 0 0 0 4 5 0 0 0 4 0 0 0 8 0 0 0 8 0 0 0 3 0 8 0 0 0 0 0 
0 8 0 0 4 0 0 0 10 0 0 3 0 0 6 0 0 2 0 0 3 0 0 1 0 0 0 0 4 0 0 0 0 0 2 0 0 0 1 6 0 0 0 6 0 0 4 0 0 0 0 5 0 0 0 6 0 1 0 0 4 0 0 2 0 0 0 6 0 
0 1 0 0 2 0 0 0 0 0 0 1 0 0 1 0 0 0 0 0 1 0 0 1 0 0 3 0 0 1 0 0 3 0 1 0 0 0 1 0 0 0 0 1 0 0 3 0 0 0 0 3 0 0 0 4 0 0 0 0 0 0 1 0 0 0 0 3 0 
0 4 0 0 4 0 0 0 2 0 0 3 0 0 2 0 0 2 0 0 3 0 0 1 0 0 4 0 0 0 0 0 4 0 2 0 0 0 1 2 0 0 0 2 0 0 4 0 0 0 0 5 0 0 0 6 0 1 0 0 0 0 0 2 0 0 0 6 0 
0 1 0 0 3 0 0 0 4 0 9 0 0 0 4 2 0 0 6 0 0 0 0 4 0 0 0 0 3 0 4 0 0 0 0 8 0 0 10 0 0 0 0 0 4 0 4 0 0 8 0 0 0 6 0 7 0 0 7 0 0 0 0 0 0 6 0 4 0 
0 3 0 2 0 0 0 0 4 2 0 0 0 7 0 0 0 6 0 0 0 6 0 0 0 7 0 0 11 0 0 9 0 0 10 0 4 0 0 0 0 1 0 0 0 0 0 0 4 0 0 0 6 0 0 0 10 0 0 6 0 0 8 0 0 6 0 0 0 
0 3 0 0 4 0 0 0 6 6 0 0 0 11 0 0 0 6 0 4 0 8 0 0 0 5 0 0 5 0 0 0 2 2 0 0 0 0 0 0 0 3 0 0 4 0 0 16 0 1 0 0 0 8 0 0 0 0 0 0 0 5 0 0 3 0 0 8 0 
0 9 0 0 1 0 0 0 0 0 0 4 0 0 4 0 0 4 0 0 4 0 3 0 0 0 6 10 0 0 0 0 0 0 7 0 3 0 0 4 0 0 0 0 6 0 6 0 0 0 10 0 0 0 6 0 0 2 0 0 0 4 0 4 0 0 0 0 4 
0 9 0 0 1 0 0 0 4 0 0 4 0 0 4 0 0 4 0 0 4 0 3 0 0 0 2 6 0 0 0 4 0 0 7 0 3 0 0 4 0 0 0 0 2 0 6 0 0 0 6 0 0 0 2 0 0 2 0 0 0 0 0 0 0 0 0 0 4 
0 9 0 0 5 0 0 0 8 0 0 4 0 0 0 0 0 6 0 0 6 0 7 0 6 0 0 4 0 0 0 10 0 0 3 0 1 0 0 6 0 0 0 0 0 0 0 2 0 2 0 0 0 6 0 0 6 0 0 0 2 0 0 0 4 0 0 0 0 
0 7 0 0 3 0 0 0 6 0 0 4 0 2 0 0 0 4 0 0 4 0 7 0 4 0 0 4 0 0 0 8 0 0 3 0 1 0 0 4 0 0 0 0 2 0 0 2 0 0 0 0 0 6 0 0 6 0 0 0 2 0 0 0 4 0 0 0 0 
0 1 0 0 4 0 1 0 0 0 0 0 0 0 1 2 0 0 0 0 0 0 0 2 0 0 5 0 0 2 0 0 4 0 2 0 0 0 4 0 0 2 0 3 0 0 6 0 2 0 0 6 0 0 0 6 0 0 0 2 0 0 2 0 0 0 0 4 0 
0 4 0 0 4 0 0 0 6 0 0 0 0 0 0 0 0 2 4 0 0 2 0 0 4 0 0 2 0 0 0 7 0 0 0 4 0 0 4 0 0 4 0 0 0 1 0 0 0 3 0 0 0 4 0 3 0 6 0 0 0 3 0 0 0 4 0 0 5 
0 3 0 0 3 0 0 0 4 0 7 0 0 0 4 0 0 2 0 0 0 0 0 4 4 0 0 0 1 0 0 0 0 0 0 6 0 0 4 0 0 0 0 4 0 0 0 2 0 4 0 0 0 4 0 3 0 0 5 0 0 4 0 2 0 0 0 6 0 
0 4 0 0 6 0 0 0 10 1 0 0 0 0 6 2 0 0 0 0 4 0 0 1 0 0 0 0 8 0 0 0 0 5 0 0 0 0 6 6 0 0 0 4 0 0 3 0 0 0 0 0 2 0 0 4 0 0 0 3 6 0 0 0 0 2 0 1 0 
0 1 0 0 1 0 0 0 1 0 1 0 0 0 0 0 0 1 0 0 0 0 1 0 1 0 0 1 0 0 0 1 0 0 0 1 0 0 1 0 0 0 0 0 0 0 0 1 0 1 0 0 0 2 0 0 1 0 0 0 0 1 0 0 1 0 0 0 0 
0 17 0 0 0 3 0 0 6 0 0 4 0 0 9 0 0 8 0 0 7 1 0 0 0 0 0 6 0 0 0 6 0 0 7 0 7 0 0 3 0 0 0 0 0 0 3 0 0 0 6 0 6 0 5 0 0 0 4 0 0 0 0 2 0 0 0 2 0 
0 4 0 0 3 0 0 0 6 8 0 0 0 8 0 0 0 6 0 3 0 6 0 0 0 5 0 0 0 0 0 1 0 0 0 0 5 0 0 0 0 4 0 0 3 0 0 12 0 0 2 0 0 6 2 0 0 0 0 0 0 3 0 0 5 0 0 4 0 
0 2 0 1 0 0 0 2 0 0 0 2 0 0 1 0 0 2 0 0 0 3 0 0 0 0 2 1 0 0 0 0 4 1 0 0 0 1 0 0 2 0 0 0 0 0 0 1 0 0 0 3 0 0 0 2 0 4 0 0 0 3 0 2 0 0 0 3 0 
0 5 0 0 1 0 0 0 6 6 0 0 0 0 5 2 0 0 0 4 0 0 0 0 2 0 0 0 0 3 0 0 0 2 0 0 3 0 0 0 0 1 0 5 0 0 0 2 0 0 3 1 0 0 0 0 0 0 0 5 3 0 0 0 9 0 6 0 0 
0 3 0 0 0 2 0 0 1 0 0 0 0 1 0 2 0 0 4 0 0 2 0 0 1 0 0 0 0 1 0 5 0 0 0 0 0 0 4 0 0 5 0 0 1 0 0 0 3 0 0 0 1 0 1 0 0 0 1 0 0 0 0 0 0 3 0 0 1 
0 0 1 0 1 0 3 0 0 0 0 6 0 1 0 0 0 0 0 0 6 0 0 1 0 0 0 1 0 0 0 0 3 6 0 0 0 0 0 0 1 0 6 0 0 4 0 0 2 0 0 0 6 0 0 3 0 4 0 0 5 0 0 2 0 0 0 0 0 
0 0 1 0 2 0 1 0 0 0 0 2 0 1 0 0 0 0 0 0 3 0 0 1 0 0 1 0 0 0 0 0 2 3 0 0 0 0 1 0 0 0 2 0 0 1 0 0 1 0 0 0 2 0 0 2 0 1 0 0 2 0 0 1 0 0 0 1 0 
0 0 1 0 0 0 3 0 0 0 0 7 0 1 0 0 1 0 0 0 5 0 0 0 0 0 0 2 0 0 0 0 3 6 0 0 0 1 0 0 2 0 6 0 0 4 0 0 2 0 0 0 5 0 0 3 0 6 0 0 5 0 0 2 0 0 0 0 1 
0 0 1 0 0 0 3 0 0 0 0 7 0 1 0 0 0 0 0 0 6 0 0 0 0 1 0 2 0 0 0 0 3 7 0 0 0 0 0 0 2 0 7 0 0 4 0 0 3 0 0 0 6 0 0 3 0 6 0 0 6 0 0 2 0 0 0 0 1 
0 0 1 0 1 0 0 1 0 0 0 1 0 3 0 0 0 4 0 0 4 0 3 0 0 3 0 2 0 0 0 1 0 1 0 0 3 0 0 0 1 0 0 0 0 0 0 2 4 0 0 0 0 0 0 0 2 0 0 0 0 1 0 4 0 0 0 4 0 
0 0 3 0 0 0 0 0 0 0 3 0 0 0 3 0 3 0 0 3 0 0 0 3 3 0 0 1 0 0 3 0 0 0 0 0 0 4 0 1 0 0 0 6 0 0 0 1 0 0 3 1 0 0 5 0 0 1 0 0 0 4 0 6 0 0 0 0 3 
0 0 3 0 4 0 0 0 0 1 0 0 4 0 0 1 0 0 0 0 3 0 0 4 0 0 1 1 0 0 7 0 0 3 0 0 0 0 0 8 0 0 0 0 1 4 0 0 0 0 0 1 0 0 5 0 0 0 3 0 7 0 0 6 0 0 1 0 0 
0 0 1 0 3 0 0 0 0 1 0 0 3 0 0 0 0 1 0 0 3 0 0 2 0 0 1 1 0 0 3 0 0 1 0 0 1 0 0 5 0 0 0 0 0 2 0 0 0 0 0 1 0 0 3 0 0 0 2 0 3 0 0 4 0 0 0 1 0 
0 0 6 0 6 0 0 0 0 4 0 0 0 1 0 0 0 2 0 0 2 0 0 0 0 2 0 0 0 0 8 0 0 6 0 0 0 2 0 4 0 0 0 0 1 0 0 3 0 4 0 1 0 0 4 0 0 0 0 4 2 0 0 4 0 0 5 0 0 
0 0 0 2 0 0 0 0 10 0 2 0 0 0 3 0 10 0 3 0 0 0 0 0 0 0 0 0 8 0 0 0 0 0 0 3 0 1 0 5 0 0 0 6 0 3 0 0 0 0 6 0 0 0 0 0 2 2 0 0 4 0 0 0 4 0 0 0 2 
0 0 5 3 0 0 0 8 0 2 0 0 0 1 0 3 0 0 6 0 0 2 0 0 0 0 3 0 0 4 1 0 0 4 0 0 0 0 0 0 1 0 0 0 8 2 0 0 0 0 0 4 0 0 0 0 2 0 0 0 1 0 0 0 0 2 6 0 0 
0 0 0 3 0 0 0 6 0 0 7 0 0 0 6 0 0 6 0 0 5 0 0 3 0 0 0 2 0 0 0 0 6 0 0 4 5 0 0 0 0 3 0 0 0 0 0 1 0 0 12 0 8 0 5 0 0 2 0 0 0 17 0 6 0 0 0 0 4 
0 0 2 1 0 0 0 0 0 0 4 0 0 0 4 0 2 0 0 3 0 0 0 3 4 0 0 2 0 0 2 0 0 0 0 1 0 3 0 0 0 0 0 6 0 0 0 1 0 0 4 0 0 0 5 0 0 2 0 0 0 6 0 6 0 0 0 0 4 
3 0 0 0 1 0 0 0 1 2 0 0 4 0 0 0 0 0 0 0 0 1 0 0 1 0 0 0 2 0 0 1 0 0 0 2 0 0 0 2 0 0 1 0 0 2 0 0 0 2 0 0 0 1 0 0 0 1 0 0 0 0 0 0 0 2 0 0 2 
6 0 0 0 0 0 0 0 2 3 0 0 8 0 0 0 2 0 2 0 0 3 0 0 0 0 0 0 6 0 0 0 0 0 0 5 0 0 0 4 0 0 2 0 0 6 0 0 0 3 0 0 0 0 0 0 1 2 0 0 1 0 0 0 0 3 0 0 2 
1 0 0 0 0 0 1 0 0 0 0 1 1 0 0 0 0 0 0 0 2 0 1 0 0 0 0 0 0 0 0 0 1 1 0 0 0 0 0 1 0 0 2 0 0 0 0 0 0 0 0 0 1 0 0 0 0 0 0 0 1 0 0 0 1 0 0 0 0 
0 4 0 0 3 0 6 0 0 0 6 0 1 0 0 5 0 0 7 0 0 2 0 0 0 0 7 5 0 0 0 0 1 0 0 0 0 0 16 0 0 7 1 0 0 0 6 0 5 0 0 3 0 0 2 0 0 0 0 3 0 0 0 0 1 0 0 0 0 
0 4 0 0 3 0 6 0 0 0 1 0 1 0 0 0 0 0 2 0 0 2 0 0 0 0 7 5 0 0 0 0 1 0 5 0 0 0 6 0 0 2 1 0 0 0 6 0 0 0 0 3 0 0 2 0 0 0 0 3 0 0 5 0 1 0 0 0 0 
0 4 0 0 1 0 1 0 0 0 3 0 1 0 0 0 0 2 0 5 0 2 0 0 0 0 3 5 0 0 0 0 4 0 0 0 0 0 4 0 5 0 3 0 0 0 0 3 0 2 0 0 0 6 0 0 3 2 0 0 0 0 0 0 7 0 0 0 0 
0 4 0 0 6 0 1 0 0 0 8 0 6 0 0 0 0 7 0 0 0 2 0 0 0 0 3 5 0 0 0 0 4 0 0 5 0 0 9 0 0 0 8 0 0 0 0 3 0 7 0 0 0 6 0 0 3 2 0 0 0 5 0 0 7 0 0 0 0 
0 4 0 0 1 0 1 0 0 0 3 0 1 0 0 0 0 0 0 5 0 2 0 0 0 0 5 5 0 0 0 0 6 2 0 0 0 0 6 0 5 0 3 0 0 0 0 3 0 0 0 0 0 6 0 0 3 2 0 0 2 0 0 0 9 0 0 0 0 
6 0 0 0 2 0 0 0 2 4 0 0 6 0 0 2 0 0 0 2 0 0 0 0 4 0 0 0 2 0 0 3 0 0 0 4 0 0 0 2 0 0 0 0 0 3 0 0 0 3 0 0 0 4 0 1 0 2 0 0 0 1 0 0 0 4 0 0 5 
4 0 0 0 4 0 0 0 4 4 0 0 4 0 0 2 0 0 0 4 0 0 0 2 6 0 0 0 0 0 0 5 0 0 0 4 0 0 0 0 0 0 0 2 0 3 0 0 0 3 0 0 0 6 0 3 0 4 0 0 0 1 0 0 0 4 0 0 7 
5 0 0 2 0 0 6 0 0 0 0 3 0 1 0 0 0 0 0 0 6 2 0 0 0 0 0 0 4 0 0 0 6 3 0 0 0 0 0 0 1 0 6 0 0 0 0 1 0 1 0 0 6 0 0 3 0 0 0 0 0 0 1 0 0 1 0 4 0 
0 0 2 0 6 0 1 0 0 0 0 2 0 2 0 0 0 0 0 0 6 0 0 2 0 0 4 0 1 0 0 0 5 6 0 0 0 0 4 1 0 0 2 0 0 0 0 0 2 0 0 0 2 0 0 4 0 0 0 0 3 0 0 2 0 0 0 4 0 
5 0 0 1 0 0 0 0 3 6 0 0 0 0 1 0 0 4 0 0 3 0 4 0 0 7 0 2 0 0 3 0 0 0 0 6 11 0 0 0 3 0 0 0 1 0 1 0 0 0 0 0 0 1 0 3 0 0 0 0 0 0 1 0 0 0 0 3 0 
5 0 0 1 0 0 0 0 3 6 0 0 0 0 1 0 0 5 0 0 4 0 4 0 0 8 0 2 0 0 3 0 0 0 0 6 12 0 0 0 3 0 0 0 0 0 1 0 1 0 0 0 0 0 0 3 0 0 0 0 0 0 1 1 0 0 0 4 0 
6 0 0 1 0 0 0 0 3 7 0 0 0 0 0 0 0 4 0 0 3 0 4 0 0 7 0 2 0 0 3 0 0 0 0 7 12 0 0 0 3 0 0 0 2 0 0 0 0 0 0 0 0 2 0 3 0 0 1 0 0 0 1 0 0 0 0 4 0 
6 0 0 1 0 0 0 0 3 7 0 0 0 0 0 0 0 6 0 0 5 0 4 0 0 9 0 2 0 0 3 0 0 0 0 7 14 0 0 0 3 0 0 0 0 0 0 0 2 0 0 0 0 0 0 3 0 0 1 0 0 0 1 2 0 0 0 6 0 
5 0 0 1 0 0 0 0 3 6 0 0 0 0 0 0 0 3 0 0 2 0 4 0 0 6 0 2 0 0 3 0 0 0 0 6 10 0 0 0 2 0 0 0 2 0 0 0 0 0 1 0 0 2 0 2 0 0 0 0 0 0 0 0 1 0 0 2 0 
3 0 0 0 0 1 0 1 0 2 0 0 2 0 0 1 0 0 0 1 0 0 2 0 0 0 0 1 0 0 0 0 0 0 0 2 1 0 0 0 0 0 0 0 2 0 0 0 0 0 1 0 0 2 1 0 0 0 0 0 0 2 0 0 0 1 0 0 2 
6 0 0 0 0 2 0 2 0 4 0 0 5 0 0 4 0 0 0 3 0 0 2 0 2 0 0 0 0 0 0 2 0 0 0 2 0 0 0 1 0 0 0 0 3 0 0 0 0 0 0 0 0 4 2 0 0 0 1 0 0 2 0 0 0 4 0 0 5 
0 0 2 0 6 0 1 0 0 0 0 2 0 4 0 0 0 0 0 0 6 0 0 2 0 0 4 0 1 0 0 0 5 6 0 0 0 0 4 1 0 0 0 0 0 0 0 2 4 0 0 0 0 0 0 4 0 0 2 0 3 0 0 4 0 0 0 8 0 
0 0 0 2 0 0 2 0 0 0 0 2 0 0 2 6 0 0 0 2 0 0 0 4 6 0 0 0 0 4 2 0 0 2 0 0 0 2 0 0 0 0 0 0 0 3 0 0 0 2 0 0 1 0 0 3 0 0 1 0 4 0 0 0 1 0 4 0 0 
0 0 0 1 0 0 1 0 0 0 0 1 0 0 2 3 0 0 0 2 0 0 0 2 4 0 0 0 0 2 1 0 0 1 0 0 0 2 0 0 1 0 0 1 0 1 0 0 0 2 0 0 0 0 0 2 0 0 0 0 1 0 0 0 0 0 2 0 0 
0 0 0 3 0 0 1 0 0 0 0 0 0 0 6 6 0 0 0 4 0 0 0 3 8 0 0 0 0 4 1 0 0 3 0 0 0 3 0 0 3 0 0 4 0 0 0 0 0 3 0 1 0 0 0 3 0 0 0 1 1 0 0 0 1 0 4 0 0 
0 0 0 3 0 0 1 0 0 3 0 0 0 0 6 6 0 0 0 4 0 0 0 0 8 0 0 0 0 4 1 0 0 6 0 0 0 3 0 0 3 0 0 4 0 0 0 3 0 3 0 1 0 0 0 0 0 0 0 4 1 0 0 0 4 0 7 0 0 
0 0 0 3 0 0 5 0 0 0 0 5 0 2 0 3 0 0 0 0 0 0 0 0 2 0 0 6 0 0 3 0 0 3 0 0 0 0 0 0 3 0 0 0 0 5 0 0 5 0 0 1 0 0 0 0 0 6 0 0 5 0 0 7 0 0 0 1 0 
0 0 0 3 0 0 1 0 0 0 0 1 0 0 2 7 0 0 0 1 0 0 0 4 5 0 0 0 0 4 2 0 0 3 0 0 0 0 0 1 0 0 0 0 1 3 0 0 0 0 0 0 1 0 0 2 0 0 2 0 6 0 0 0 2 0 4 0 0 
0 0 0 5 0 0 1 0 0 2 0 0 0 0 2 7 0 0 5 0 0 3 0 0 1 0 0 0 0 0 6 0 0 5 0 0 0 0 3 3 0 0 0 0 5 0 0 0 0 0 0 3 0 0 3 0 0 0 0 0 6 0 0 0 0 0 5 0 0 
12 0 0 2 0 0 0 0 0 4 0 0 8 0 0 6 0 0 0 0 0 0 5 0 8 0 0 0 3 0 0 5 0 0 0 6 0 0 0 4 0 0 0 0 4 3 0 0 0 3 0 0 0 6 0 0 2 0 1 0 0 3 0 0 0 6 0 0 5 
6 0 0 0 0 0 5 0 0 0 0 0 6 0 0 2 0 0 4 0 0 0 0 2 6 0 0 0 0 3 1 0 0 0 0 10 0 0 0 0 0 6 4 0 0 8 0 0 0 6 0 0 2 0 0 4 0 1 0 0 0 4 0 0 0 1 3 0 0 
16 0 0 0 0 0 2 0 0 8 0 0 11 0 0 8 0 0 0 5 0 0 3 0 6 0 0 0 5 0 0 0 0 0 0 8 0 0 0 3 0 0 0 0 3 4 0 0 0 4 0 0 0 6 0 1 0 0 0 2 0 4 0 0 0 6 0 0 5 
3 0 0 1 0 0 3 0 0 0 0 1 0 0 0 1 0 0 0 0 3 1 0 0 0 0 0 0 3 0 0 0 3 2 0 0 0 0 1 0 0 0 3 0 0 0 0 0 0 0 0 0 4 0 0 1 0 0 0 1 0 0 0 0 0 1 0 1 0 
3 0 0 2 0 0 1 0 0 0 1 0 0 0 1 1 0 0 0 0 2 1 0 0 0 0 0 0 5 0 0 0 3 1 0 0 0 0 1 1 0 0 1 0 0 0 0 0 0 0 2 0 4 0 0 0 1 0 0 2 0 2 0 0 0 1 0 0 0 
6 0 0 3 0 0 4 0 0 0 0 0 0 0 1 2 0 0 0 0 5 3 0 0 0 0 0 0 8 0 0 0 6 4 0 0 0 0 2 1 0 0 4 0 0 0 0 1 0 0 2 0 8 0 0 0 0 0 0 3 0 2 0 0 0 2 0 1 0 
3 0 0 3 0 0 0 0 0 0 3 0 0 0 2 1 0 0 0 0 1 0 0 0 1 0 0 0 5 0 0 0 3 0 0 1 0 0 1 1 0 0 0 1 0 0 0 0 0 0 3 0 3 0 0 0 2 0 0 2 0 4 0 0 0 0 0 0 0 
4 0 0 6 0 0 0 0 0 0 8 0 0 0 6 3 0 0 0 0 0 0 0 2 4 0 0 0 6 0 0 0 4 0 0 3 0 0 3 0 0 0 0 4 0 0 1 0 0 0 5 0 4 0 0 0 2 0 0 2 0 8 0 1 0 0 0 0 1 
6 0 0 0 0 6 0 0 0 0 0 0 3 0 0 0 4 0 4 0 0 0 10 0 0 2 0 3 0 0 2 0 0 0 0 10 0 0 0 0 0 5 0 0 3 0 0 0 0 0 2 0 0 3 2 0 0 0 0 1 0 8 0 0 0 0 0 0 2 
6 0 0 0 0 2 0 0 0 4 0 0 3 0 0 0 0 0 0 0 0 0 6 0 0 2 0 3 0 0 2 0 0 0 0 6 4 0 0 0 0 1 0 0 3 0 0 0 0 0 2 0 0 3 2 0 0 0 0 1 0 4 0 0 0 0 0 0 2 
10 0 0 6 0 0 0 0 0 2 0 0 0 0 4 4 0 0 0 0 6 0 3 0 0 0 0 0 9 0 0 0 6 0 0 0 4 0 0 4 0 0 0 0 4 0 4 0 0 0 10 0 7 0 0 1 0 0 0 4 0 6 0 0 0 4 0 0 3 
3 0 0 2 0 0 0 0 0 0 0 1 0 5 0 0 0 0 0 0 0 0 10 0 2 0 0 6 0 0 0 2 0 0 0 3 2 0 0 0 3 0 0 0 8 0 0 4 0 0 2 0 0 10 0 0 6 0 0 0 0 3 0 0 4 0 0 0 0 
1 0 0 0 0 1 0 0 1 0 0 0 0 0 0 0 1 0 1 0 0 0 1 0 0 1 0 0 1 0 1 0 0 0 0 2 0 0 0 0 0 0 0 0 1 0 0 0 0 1 0 0 0 1 0 1 0 0 1 0 0 0 0 0 0 1 0 1 0 
4 0 0 0 0 6 0 0 3 0 0 0 5 0 0 0 10 0 6 0 0 0 4 0 0 0 1 0 3 0 0 2 0 0 0 10 0 0 0 0 0 3 0 3 0 8 0 0 2 0 0 0 0 0 0 0 2 0 2 0 0 0 0 0 0 0 0 2 0 
6 0 0 0 0 4 0 4 0 6 0 0 7 0 0 6 0 0 0 5 0 0 0 0 2 0 0 0 0 2 0 4 0 0 0 0 0 0 0 1 0 0 0 0 3 0 0 0 2 0 0 0 0 4 4 0 0 0 3 0 0 0 0 0 0 6 0 0 7 
2 0 0 0 0 2 0 1 0 0 0 0 1 0 0 4 0 0 2 0 0 0 3 0 0 1 0 0 0 1 0 3 0 0 0 0 0 0 4 0 0 3 0 0 1 0 4 0 4 0 0 1 0 0 0 1 0 0 0 1 0 0 0 0 0 4 0 0 3 
4 0 0 0 0 3 0 0 6 5 0 0 0 0 0 0 0 1 0 2 0 0 3 0 0 10 0 0 4 0 6 0 0 0 0 5 6 0 0 0 0 0 0 2 0 0 0 0 3 0 0 0 0 0 0 2 0 0 0 2 3 0 0 0 0 0 0 2 0 
2 0 0 0 4 0 6 0 0 8 0 0 4 0 0 0 0 2 0 1 0 4 0 0 0 0 2 3 0 0 4 0 0 0 0 0 2 0 0 0 1 0 2 0 0 0 0 0 0 6 0 1 0 0 4 0 0 0 0 5 0 0 6 0 0 0 4 0 0 
2 0 0 1 0 0 2 0 0 2 0 0 1 0 0 0 0 0 0 0 1 1 0 0 0 0 0 1 0 0 0 0 0 0 0 0 2 0 0 0 0 0 1 0 0 0 0 0 0 0 1 0 1 0 2 0 0 0 0 0 0 0 1 0 0 0 0 0 1 
1 0 0 0 0 1 0 0 3 2 0 0 0 1 0 0 0 1 0 1 0 0 1 0 0 5 0 0 1 0 3 0 0 0 0 2 3 0 0 0 0 0 0 0 0 0 0 1 1 0 0 0 0 1 0 1 0 0 0 0 2 0 0 0 1 0 0 1 0 
1 0 0 0 2 0 0 2 0 4 0 0 2 0 0 2 0 0 1 0 0 3 0 0 0 0 4 0 2 0 0 0 2 3 0 0 0 0 3 1 0 0 0 0 3 0 0 0 0 0 0 1 0 0 1 0 0 0 0 2 0 0 0 0 0 2 1 0 0 
1 0 0 0 0 3 0 3 0 1 0 0 2 0 0 0 0 0 0 4 0 1 0 0 0 0 0 0 0 1 0 0 2 0 0 0 0 3 0 0 0 1 0 0 0 0 0 3 0 0 2 0 0 1 3 0 0 1 0 0 0 5 0 0 0 0 0 0 3 
6 0 0 0 0 3 1 0 0 3 0 0 3 0 0 6 0 0 0 4 0 0 6 0 0 3 0 0 3 0 1 0 0 0 0 0 0 0 3 0 0 1 0 4 0 0 3 0 8 0 0 3 0 0 0 0 3 0 0 7 1 0 0 0 0 0 0 0 0 
3 0 0 3 0 0 0 0 5 6 0 0 0 0 0 0 0 1 2 0 0 0 0 0 0 6 0 0 0 0 5 0 0 0 0 6 10 0 0 0 0 0 0 0 2 4 0 0 0 0 3 0 0 0 0 2 0 2 0 0 4 0 0 0 3 0 2 0 0 
2 0 0 1 0 0 0 0 2 3 0 0 0 0 0 0 0 1 0 0 0 0 1 0 0 3 0 1 0 0 2 0 0 0 0 3 5 0 0 0 1 0 0 0 1 1 0 0 0 0 1 0 0 1 0 1 0 1 0 0 1 0 0 0 1 0 0 0 0 
5 0 0 0 0 3 1 0 0 2 0 0 6 0 0 0 6 0 3 0 0 2 0 0 0 0 3 0 4 0 0 0 2 0 0 6 0 0 0 0 0 0 1 0 0 6 0 0 0 2 0 0 1 0 0 0 0 0 2 0 0 0 2 0 0 2 0 2 0 
2 0 0 0 0 2 1 0 0 1 0 0 3 0 0 0 3 0 2 0 0 1 0 0 0 0 1 0 1 0 0 0 0 0 0 3 0 0 0 0 0 1 1 0 0 3 0 0 0 1 0 0 1 0 1 0 0 0 1 0 0 0 1 0 0 1 0 0 0 
2 0 0 0 0 2 1 0 0 4 0 0 3 0 0 0 3 0 2 0 0 4 0 0 0 0 1 0 1 0 0 3 0 0 0 0 0 0 0 0 0 1 1 0 0 0 0 0 0 1 0 0 1 0 4 0 0 0 1 0 0 0 4 0 0 4 0 0 3 
0 3 0 0 0 0 0 0 4 2 0 0 0 5 0 0 0 4 0 2 0 4 0 0 0 5 0 0 5 0 0 3 0 0 4 0 2 0 0 0 0 1 0 2 0 0 0 4 4 0 0 0 0 0 0 0 4 0 0 2 0 0 2 0 0 0 0 4 0 
0 1 0 0 0 1 0 0 1 0 3 0 0 0 0 0 1 0 1 0 0 0 0 1 0 0 0 0 0 0 1 0 0 0 0 2 0 0 2 1 0 0 0 0 1 0 0 2 0 1 0 0 0 3 1 0 0 0 5 0 1 0 0 0 1 0 0 3 0 
0 2 0 0 0 3 0 0 0 0 6 0 0 0 0 0 3 0 4 0 0 0 0 1 0 0 2 2 0 0 2 0 0 0 0 5 0 0 5 0 0 0 0 0 4 0 0 3 0 2 0 0 0 6 3 0 0 0 10 0 0 0 0 0 0 0 0 6 0 
0 1 0 0 4 0 1 0 0 0 2 0 0 0 1 4 0 0 2 0 0 0 0 2 0 0 5 0 0 2 0 0 4 0 0 0 0 0 8 0 0 4 0 3 0 0 6 0 4 0 0 6 0 0 0 6 0 0 0 2 0 0 0 0 0 0 0 4 0 
0 0 1 0 2 0 0 0 1 0 1 0 0 0 0 0 0 1 0 0 0 0 0 1 0 1 0 0 0 0 1 0 0 0 0 1 0 0 1 0 0 0 1 0 0 0 1 0 0 2 0 0 0 1 0 2 0 1 0 0 0 0 0 0 0 1 0 0 1 
6 0 0 2 0 0 0 0 4 2 0 0 0 0 4 0 0 0 0 0 6 0 3 0 0 4 0 0 9 0 0 0 2 0 0 0 4 0 0 4 0 0 0 0 0 0 4 0 0 0 6 0 7 0 0 1 0 0 0 4 0 2 0 0 0 4 0 0 3 
6 0 0 2 0 0 0 0 6 2 0 0 0 0 4 0 0 0 0 0 6 0 3 0 0 6 0 0 11 0 0 0 0 0 2 0 4 0 0 6 0 0 0 0 0 0 6 0 0 0 6 0 7 0 0 1 0 0 0 4 0 0 0 0 0 6 0 0 5 
0 0 4 0 6 0 0 2 0 6 0 0 0 6 0 0 0 1 0 4 0 2 0 0 0 0 3 4 0 0 1 0 0 5 0 0 0 0 1 0 6 0 0 0 8 0 0 6 0 4 0 0 0 10 0 0 0 0 0 0 0 0 3 0 0 2 0 0 0 
6 0 0 0 0 2 0 2 0 4 0 0 5 0 0 6 0 0 0 3 0 0 2 0 2 0 0 0 0 0 0 4 0 0 0 0 0 0 2 1 0 0 0 0 3 0 2 0 2 0 0 0 0 4 2 0 0 0 1 0 0 0 0 0 0 6 0 0 7 
0 0 3 5 0 0 0 7 0 2 0 0 0 9 0 1 0 0 6 0 0 2 0 0 0 0 4 0 0 0 0 7 0 0 6 0 4 0 0 0 3 0 0 0 17 0 0 0 0 0 3 0 0 6 0 0 6 0 6 0 0 0 7 0 0 8 0 0 0 
4 0 0 8 0 0 3 0 0 0 3 0 0 3 0 0 0 0 1 0 0 6 0 0 0 0 0 0 4 0 0 0 7 1 0 0 0 0 1 0 1 0 3 0 0 0 0 6 0 0 3 0 0 0 0 0 3 3 0 0 0 3 0 0 6 0 0 3 0 
3 0 0 0 0 0 6 0 0 0 0 7 0 6 0 0 0 0 0 0 4 0 4 0 3 0 0 1 0 0 0 0 3 1 0 0 0 4 0 0 0 3 0 0 0 0 0 4 3 0 0 1 0 0 0 3 0 1 0 0 0 4 0 6 0 0 0 8 0 
1 0 0 0 3 0 3 0 0 1 0 0 0 3 0 6 0 0 4 0 0 0 1 0 0 0 3 0 0 0 0 0 0 1 0 0 0 0 8 0 0 6 0 0 4 0 4 0 3 0 0 1 0 0 0 3 0 0 0 4 0 0 0 0 0 3 1 0 0 
1 0 0 0 3 0 6 0 0 1 0 0 0 3 0 6 0 0 4 0 0 0 4 0 0 0 3 3 0 0 3 0 0 1 0 0 0 0 8 0 0 6 0 0 4 0 4 0 3 0 0 1 0 0 0 0 0 0 0 7 0 0 0 0 0 0 4 0 0 
2 0 0 0 2 0 0 0 3 0 0 0 2 0 0 0 1 0 0 0 0 0 4 0 3 0 0 5 0 0 0 6 0 0 0 2 0 0 2 0 0 0 0 0 0 0 2 0 0 0 1 0 0 6 1 0 0 6 0 0 0 2 0 0 0 3 0 0 10 
1 0 0 5 0 0 0 0 4 0 4 0 0 6 0 0 0 3 2 0 0 6 0 0 0 7 0 0 17 0 0 5 0 0 8 0 0 0 2 3 0 0 0 0 0 0 0 0 3 0 0 0 6 0 0 0 12 0 0 6 0 0 5 0 0 6 0 0 0 
4 0 0 0 0 6 0 0 8 0 0 0 0 0 6 0 4 0 2 0 0 0 7 0 0 10 0 0 9 0 6 0 0 0 0 6 0 0 0 0 0 0 0 2 0 0 6 0 0 2 0 0 3 0 0 5 0 0 0 4 0 0 0 0 0 6 0 0 1 
4 0 0 0 0 6 0 0 6 0 0 0 0 0 4 0 4 0 2 0 0 0 7 0 0 8 0 0 7 0 4 0 0 0 0 6 0 0 0 0 0 2 0 2 0 0 4 0 0 0 0 0 3 0 0 3 0 0 0 4 0 2 0 0 0 4 0 0 1 
4 0 0 0 0 2 0 1 0 4 0 0 5 0 0 2 0 0 0 3 0 2 0 0 0 1 0 0 1 0 0 1 0 0 0 0 0 0 0 1 0 0 1 0 0 0 0 0 1 0 0 0 0 1 3 0 0 1 0 0 0 0 0 0 0 3 0 0 5 
6 0 0 0 0 4 2 0 0 0 0 0 2 0 0 4 0 0 0 0 0 0 5 0 0 4 0 0 3 0 0 0 0 0 0 2 0 0 4 0 0 4 2 0 0 0 4 0 4 0 0 0 3 0 0 1 0 0 0 4 0 2 0 0 0 4 0 0 3 
6 0 0 0 0 4 2 0 0 0 0 0 2 0 0 6 0 0 0 0 0 0 5 0 0 4 0 0 3 0 0 2 0 0 0 0 0 0 6 0 0 4 2 0 0 0 6 0 6 0 0 0 3 0 0 1 0 0 0 4 0 0 0 0 0 6 0 0 5 
4 0 0 0 0 0 0 2 0 0 0 0 6 0 0 0 0 2 6 0 0 2 0 0 1 0 0 0 0 4 0 0 3 0 0 10 0 0 0 0 0 6 3 0 0 4 0 0 0 4 0 5 0 0 0 6 0 6 0 0 0 8 0 0 0 1 0 1 0 
8 0 0 0 3 0 3 0 0 18 0 0 8 0 0 2 0 0 0 4 0 6 0 0 0 0 3 0 0 1 0 1 0 0 0 0 7 0 0 0 0 1 0 6 0 0 0 0 3 0 0 7 0 0 6 0 0 0 0 7 0 0 7 0 0 0 0 0 0 
0 0 6 6 0 0 0 7 0 0 4 0 0 4 0 0 3 0 10 0 0 4 0 0 0 0 4 0 4 0 0 3 0 0 0 0 0 0 2 0 4 0 0 0 9 6 0 0 0 1 0 0 0 0 0 0 10 0 0 0 0 0 4 0 0 4 6 0 0 
6 0 0 0 0 10 2 0 0 0 0 6 2 0 0 0 0 0 0 0 6 0 11 0 0 10 0 0 3 0 0 2 0 0 0 0 0 0 0 0 0 4 8 0 0 0 6 0 6 0 0 0 9 0 0 1 0 0 0 4 0 0 0 0 0 6 0 0 5 
6 0 0 0 0 8 2 0 0 0 0 4 2 0 0 0 0 0 0 0 4 0 9 0 0 8 0 0 3 0 0 0 0 0 0 2 0 0 0 0 0 4 6 0 0 0 4 0 4 0 0 0 7 0 0 1 0 0 0 4 0 2 0 0 0 4 0 0 3 
2 0 0 0 0 6 0 3 0 0 0 0 2 0 0 0 7 0 4 0 0 0 4 0 0 0 4 2 0 0 0 1 0 0 0 6 0 0 0 0 4 0 0 0 7 2 0 0 0 3 0 0 0 6 0 0 0 0 8 0 0 0 4 0 0 4 0 4 0 
2 0 0 0 0 6 0 3 0 0 0 0 0 0 0 0 7 0 4 0 0 0 4 0 0 0 4 2 0 0 0 1 0 0 0 6 0 0 0 0 6 0 0 0 9 0 0 0 0 5 0 0 0 8 0 2 0 0 10 0 0 0 6 0 0 6 0 6 0 
2 0 0 0 3 0 3 0 0 6 0 0 2 0 0 2 0 0 0 4 0 0 0 0 0 0 3 0 0 1 0 1 0 0 6 0 1 0 0 0 0 1 0 6 0 0 6 0 3 0 0 7 0 0 0 0 0 0 0 7 0 0 7 0 0 0 0 0 0 
2 0 0 0 3 0 3 0 0 6 0 0 2 0 0 2 0 0 0 4 0 0 0 0 0 0 3 0 0 1 0 0 0 0 5 0 1 0 0 0 0 1 0 5 0 0 5 0 2 0 0 6 0 0 0 0 0 0 0 7 0 0 6 0 1 0 1 0 0 
2 0 0 0 3 0 0 0 6 6 0 0 0 4 0 0 0 4 0 1 0 2 0 0 0 7 0 0 4 0 4 0 0 0 0 4 5 0 0 0 0 0 0 0 3 0 0 4 0 3 0 0 0 4 0 4 0 0 0 0 0 0 0 0 0 2 0 4 0 
6 0 0 0 3 0 0 0 6 10 0 0 0 0 0 0 0 4 0 1 0 2 0 0 0 7 0 0 4 0 4 0 0 0 0 8 9 0 0 0 4 0 0 0 3 0 0 0 0 7 0 0 0 4 0 8 0 0 0 0 0 0 4 0 0 6 0 4 0 
2 0 0 0 3 0 0 0 3 0 0 0 3 0 0 1 0 0 0 0 1 0 4 0 3 0 0 5 0 0 0 8 0 0 0 0 0 0 4 1 0 0 1 0 0 0 4 0 1 0 0 0 0 6 1 0 0 6 0 0 0 0 0 0 0 5 0 0 12 
2 0 0 0 3 0 0 0 3 0 0 0 3 0 0 0 0 0 0 0 1 0 4 0 3 0 0 5 0 0 0 7 0 0 0 1 0 0 3 1 0 0 1 0 0 0 3 0 0 0 0 0 0 6 1 0 0 6 0 0 0 1 0 0 0 4 0 0 11 
4 0 0 0 0 5 0 4 0 4 0 0 6 0 0 1 0 0 0 8 0 3 0 0 0 1 0 0 0 0 0 0 2 0 0 0 0 4 0 0 0 0 1 0 0 0 0 4 0 0 2 0 0 3 6 0 0 3 0 0 0 6 0 0 0 2 0 0 8 
7 0 0 0 3 0 3 0 0 16 0 0 7 0 0 2 0 0 0 4 0 5 0 0 0 0 3 0 0 1 0 0 0 0 0 0 6 0 0 0 0 1 0 5 0 0 0 0 2 0 0 6 0 0 5 0 0 0 0 7 0 0 6 0 1 0 1 0 0 
0 4 0 0 8 0 0 0 6 0 0 0 4 0 0 0 0 6 0 0 0 2 0 0 4 0 0 6 0 0 0 7 0 0 0 4 0 0 4 0 0 0 4 0 0 1 0 0 0 7 0 0 0 8 0 3 0 10 0 0 0 3 0 0 0 4 0 0 9 
0 3 0 0 1 0 2 0 0 0 0 4 0 4 0 0 0 4 0 0 4 0 5 0 0 0 0 6 0 0 0 4 0 0 3 0 3 0 0 0 2 0 0 0 2 0 0 0 4 0 0 0 0 2 0 0 4 0 0 0 0 0 2 4 0 0 0 4 0 
0 3 0 0 1 0 2 0 0 0 0 4 0 4 0 0 0 6 0 0 6 0 5 0 0 2 0 6 0 0 0 4 0 0 3 0 5 0 0 0 2 0 0 0 0 0 0 0 6 0 0 0 0 0 0 0 4 0 0 0 0 0 2 6 0 0 0 6 0 
0 3 0 0 1 0 2 0 0 0 0 4 0 4 0 0 0 4 0 0 4 0 9 0 0 0 0 6 0 0 0 8 0 0 7 0 3 0 0 0 2 0 0 0 2 0 4 0 4 0 0 0 0 2 0 0 8 0 0 4 0 0 6 0 0 0 0 0 0 
0 3 0 0 1 0 2 0 0 0 0 4 0 4 0 0 0 6 0 0 6 0 11 0 0 2 0 6 0 0 0 10 0 0 9 0 5 0 0 0 2 0 0 0 0 0 6 0 6 0 0 0 0 0 0 0 10 0 0 6 0 0 8 0 0 0 0 0 0 
0 4 0 0 3 0 7 0 0 0 7 0 1 0 0 6 0 0 8 0 0 2 0 0 0 0 7 6 0 0 0 0 0 0 0 0 0 0 18 0 0 8 1 0 0 0 7 0 6 0 0 3 0 0 3 0 0 0 0 3 0 0 0 0 0 0 0 0 1 
0 4 0 0 3 0 7 0 0 0 1 0 1 0 0 0 0 0 2 0 0 2 0 0 0 0 7 6 0 0 0 0 0 0 6 0 0 0 6 0 0 2 1 0 0 0 7 0 0 0 0 3 0 0 3 0 0 0 0 3 0 0 6 0 0 0 0 0 1 
0 4 0 3 0 0 1 0 0 0 0 3 0 0 3 0 0 0 0 0 0 6 0 0 0 0 4 4 0 0 0 0 7 6 0 0 0 0 3 0 6 0 4 0 0 0 0 1 0 0 0 1 0 0 0 3 0 8 0 0 3 0 0 0 4 0 0 1 0 
0 3 0 0 0 0 0 0 4 2 0 0 0 5 0 0 0 4 0 2 0 4 0 0 0 5 0 0 9 0 0 7 0 0 8 0 2 0 0 0 0 1 0 2 0 0 0 0 4 0 0 0 4 0 0 0 8 0 0 6 0 0 6 0 0 4 0 0 0 
0 1 0 4 0 0 1 0 0 0 1 0 0 1 0 0 0 4 0 0 0 4 0 0 0 3 0 2 0 0 0 0 1 0 1 0 3 0 0 0 3 0 4 0 0 0 0 2 0 1 0 0 0 0 0 0 2 4 0 0 0 0 1 0 3 0 0 0 0 
0 1 0 3 0 0 0 1 0 1 0 0 0 0 1 0 0 3 0 0 0 2 0 0 0 1 0 4 0 0 0 1 0 0 0 1 5 0 0 0 5 0 0 0 0 3 0 0 1 0 0 0 0 0 0 0 2 4 0 0 0 0 1 2 0 0 0 0 0 
0 4 0 0 0 3 3 0 0 3 0 0 1 0 0 0 6 0 6 0 0 6 0 0 0 0 7 4 0 0 0 0 0 0 0 0 0 0 3 0 0 3 0 0 3 0 0 1 0 0 3 1 0 0 8 0 0 0 3 0 0 0 3 0 0 0 0 1 0 
0 0 3 0 0 3 0 0 0 0 0 0 0 0 3 0 6 0 0 3 0 0 0 0 3 0 0 1 0 0 3 0 0 3 0 0 0 7 0 1 0 0 0 6 0 0 0 4 0 0 3 1 0 0 8 0 0 1 0 0 0 4 0 6 0 0 0 0 3 
0 0 3 0 0 0 0 0 6 0 0 5 0 1 0 0 9 0 2 0 0 0 0 0 0 0 0 0 5 0 2 0 0 1 0 0 0 6 0 5 0 0 0 3 0 4 0 0 0 0 3 2 0 0 0 1 0 6 0 0 5 0 0 2 0 0 0 0 3 
0 0 1 5 0 0 3 0 0 0 0 7 0 1 0 0 1 0 0 0 0 5 0 0 0 0 0 7 0 0 0 0 3 6 0 0 0 1 0 0 7 0 6 0 0 4 0 0 2 0 0 0 0 0 0 3 0 16 0 0 5 0 0 2 0 0 0 0 6 
4 0 0 0 3 0 1 0 0 8 0 0 6 0 0 0 4 0 1 0 0 6 0 0 0 0 7 0 4 0 0 0 4 1 0 0 0 0 1 3 0 0 0 3 0 0 0 0 0 0 0 6 0 0 3 0 0 0 0 3 0 0 4 0 0 0 0 3 0 
0 0 1 0 0 1 0 0 0 0 0 0 0 1 0 0 0 0 0 0 1 0 0 0 0 2 0 0 0 0 2 0 0 2 0 0 0 0 0 1 0 0 0 0 0 0 0 2 2 0 0 0 0 0 2 0 0 0 2 0 2 0 0 2 0 0 0 2 0 
0 0 4 0 0 0 1 0 0 0 0 4 3 0 0 0 4 0 3 0 0 0 0 0 1 0 0 0 0 0 8 0 0 1 0 0 0 7 0 6 0 0 0 1 0 4 0 0 0 3 0 6 0 0 3 0 0 3 0 0 4 0 0 6 0 0 3 0 0 
0 0 1 1 0 0 0 0 1 0 1 0 0 5 0 0 0 3 0 0 0 2 0 0 0 5 0 0 3 0 1 0 0 0 1 0 1 0 0 0 0 1 0 0 0 0 0 4 3 0 0 0 0 0 0 0 2 0 0 0 0 1 0 2 0 0 0 4 0 
0 0 1 2 0 0 0 0 7 3 0 0 0 3 0 0 0 6 0 0 0 2 0 0 0 14 0 0 0 0 7 0 0 0 0 3 9 0 0 0 0 0 5 0 0 0 0 2 1 0 0 0 0 0 0 3 0 6 0 0 6 0 0 0 4 0 0 0 1 
2 0 0 0 0 0 0 3 0 0 8 0 4 0 0 0 0 4 0 2 0 0 4 0 0 1 0 2 0 0 0 0 4 0 0 6 0 0 4 0 2 0 4 0 0 0 0 4 0 3 0 0 0 6 0 0 6 0 0 0 0 7 0 0 7 0 0 0 0 
2 0 0 0 2 0 0 3 0 0 10 0 6 0 0 0 0 6 0 0 0 0 4 0 0 1 0 2 0 0 0 0 4 0 0 8 0 0 6 0 0 0 6 0 0 0 0 4 0 5 0 0 0 6 0 0 6 0 0 0 0 9 0 0 7 0 0 0 0 
2 0 0 0 3 0 0 0 3 0 1 0 3 0 0 2 0 0 0 0 0 0 4 0 3 0 0 6 0 0 0 9 0 0 0 0 0 0 6 0 0 0 1 0 0 0 5 0 2 0 0 0 0 7 1 0 0 7 0 0 0 0 0 0 0 6 0 0 14 
2 0 0 0 3 0 0 0 3 0 1 0 3 0 0 0 0 0 0 0 0 0 4 0 3 0 0 6 0 0 0 7 0 0 0 2 0 0 4 0 0 0 1 0 0 0 3 0 0 0 0 0 0 7 1 0 0 7 0 0 0 2 0 0 0 4 0 0 12 
0 0 1 1 0 0 0 0 6 3 0 0 0 3 0 0 0 5 0 0 0 1 0 0 0 12 0 0 0 1 6 0 0 0 0 3 8 0 0 0 0 1 4 0 0 0 0 2 1 0 0 0 0 0 0 3 0 4 0 0 5 0 0 0 4 0 0 0 0 
1 0 0 0 2 0 1 0 0 3 0 0 0 1 0 3 0 0 1 0 0 2 0 0 0 0 2 0 3 0 0 0 1 3 0 0 0 0 4 0 0 2 0 0 2 0 0 0 1 0 0 0 2 0 0 0 0 0 0 4 0 0 0 0 0 2 2 0 0 
0 0 1 6 0 0 3 0 0 0 0 7 0 1 0 0 0 0 0 0 0 6 0 0 0 1 0 8 0 0 0 0 3 7 0 0 0 0 0 0 8 0 7 0 0 4 0 0 3 0 0 0 0 0 0 3 0 18 0 0 6 0 0 2 0 0 0 0 7 
0 2 0 2 0 0 0 0 1 1 0 0 0 0 2 0 0 4 0 0 0 3 0 0 0 3 0 3 0 0 1 0 0 0 0 1 4 0 0 0 4 0 2 0 0 0 0 0 0 2 0 0 0 0 0 1 0 4 0 0 0 0 1 0 0 0 0 0 0 
0 0 0 0 0 0 3 0 0 0 0 2 1 0 0 2 0 0 0 3 0 0 0 2 3 0 0 0 0 0 4 0 0 0 2 0 0 4 0 2 0 0 0 1 0 2 0 0 0 2 0 1 0 0 1 0 0 0 0 1 1 0 0 3 0 0 2 0 0 
3 0 0 0 1 0 0 0 1 4 0 0 4 0 0 0 0 0 0 0 0 3 0 0 1 0 0 0 2 0 0 3 0 0 0 0 0 0 0 2 0 0 1 0 0 0 0 0 0 2 0 0 0 1 2 0 0 1 0 0 0 0 2 0 0 4 0 0 4 
2 0 0 2 0 0 2 0 0 2 0 0 1 0 0 0 0 0 0 0 0 2 0 0 0 0 0 2 0 0 0 0 0 0 0 0 2 0 0 0 1 0 1 0 0 0 0 0 0 0 1 0 0 0 2 0 0 2 0 0 0 0 1 0 0 0 0 0 2 
0 0 1 0 0 0 0 0 1 0 0 1 0 1 0 0 2 0 0 0 1 0 2 0 0 0 0 0 0 1 0 0 1 2 0 0 0 1 0 1 0 0 1 0 0 0 0 2 0 0 1 0 0 1 0 0 1 0 0 0 2 0 0 0 4 0 1 0 0 
0 0 1 0 0 1 0 0 1 0 0 0 0 0 1 0 4 0 2 0 0 0 2 0 0 0 1 0 0 1 0 0 0 0 0 1 0 1 0 0 0 1 0 2 0 0 1 0 0 0 1 2 0 0 0 0 0 0 0 1 0 0 1 0 2 0 1 0 0 
2 0 0 0 0 1 2 0 0 0 0 1 1 0 0 0 2 0 0 0 1 0 4 0 0 0 1 2 0 0 0 0 1 0 0 1 0 0 0 0 1 0 1 0 0 0 1 0 0 0 0 0 0 1 0 0 1 0 0 1 0 0 1 0 2 0 0 0 0 
0 0 0 1 0 0 3 0 0 0 0 1 0 0 2 3 0 0 0 2 0 0 0 2 4 0 0 0 0 0 3 0 0 1 0 0 0 2 0 0 1 0 0 1 0 3 0 0 0 2 0 0 2 0 0 0 0 0 0 2 1 0 0 2 0 0 4 0 0 
Recovery: 155303
10887668528
